2.64503240999999980e+04
-5.92124600000000328e+02
5.09326789999999710e+03
-6.40852476000000097e+04
3.23129710000000296e+03
2.82929235000000008e+04
1.87291239999999998e+04
1.14112009000000016e+04
4.64817992999999988e+04
3.65265257000000056e+04
1.44209285999999938e+04
4.91944029999999839e+03
-3.20698946000000105e+04
-8.31038990000000194e+03
1.11822927000000000e+04
-9.11907480000000032e+03
-6.69244079999999940e+03
1.89009058000000005e+04
-6.37362610000000041e+03
-6.71880069999999705e+03
-9.11225579999999900e+03
3.64382001000000018e+04
1.88832150000000547e+03
1.40744248999999927e+04
-2.18741635000000024e+04
-1.93571191000000035e+04
-2.67220762999999897e+04
4.18962181999999957e+04
1.72925100999999995e+04
-3.81704939000000086e+04
6.03632790000000296e+03
-3.17879628999999986e+04
1.00343160000000007e+04
-1.07803750999999957e+04
-5.86184809999999834e+03
-3.27384600000000228e+03
-2.96014481000000014e+04
-1.12365061999999925e+04
-2.82291038000000044e+04
3.55799543000000049e+04
1.85496421999999984e+04
2.09249983999999968e+04
1.52304252000000015e+04
2.45653935999999958e+04
2.50719340000000284e+03
-3.65147047999999995e+04
-3.21671548000000039e+04
-3.11063382999999994e+04
-2.21436980999999905e+04
3.56535814999999930e+04
