1.64980889999999931e+03
2.16987762999999977e+04
-4.43909590000000208e+03
6.04991910000000007e+03
-5.77050519999999960e+04
1.52360566999999992e+04
-1.25791136999999999e+04
-2.36715371000000014e+04
-7.85744639999999890e+03
6.73872232000000076e+04
-7.01229999999941356e+00
-2.32417779999999984e+04
-3.12450566999999974e+04
-6.84588130000000183e+03
1.21198793999999980e+04
2.04926278000000057e+04
-2.72740799000000006e+04
-4.32999647999999943e+04
-1.94228028999999988e+04
-1.11747628999999979e+04
2.71458459000000003e+04
-9.21146899999999732e+03
2.25995526999999965e+04
3.40770863999999929e+04
-4.62723719000000128e+04
8.43845109999999659e+03
-1.55466023999999998e+04
1.57252179999999703e+03
3.37754179999999978e+04
-2.34880391999999993e+04
