2.076360733315821960e+02
2.106512991765480081e+02
3.393001207023035590e+02
7.481026606971907995e+02
1.394392787200510497e+01
2.925416160768944618e+00
7.097438302123911171e+02
2.397343309384380206e+01
4.408676872704480729e+02
3.890100811815177195e+01
1.525999934105972855e+01
5.249099527791102560e+00
1.022799079994748839e+00
2.189888811049372563e+01
3.990916235289527663e+02
1.931616911120060953e+00
8.179698506473310999e+02
2.869730406803150800e+02
1.610093521347416612e+01
2.595953809527483358e+01
4.929714380170534014e+02
1.862611015784948165e+01
4.401450748998805729e+00
4.463473409844480599e+00
3.127847695530952876e+01
2.147470910689506240e+01
2.387867106070840961e+00
9.778811609333590127e+01
9.086732451764413554e+01
4.993876092167695901e+02
2.896256429410006383e+00
7.256464050835032253e+01
8.465941460704885912e+01
1.586842269450824361e+01
4.574087160521644080e+01
1.009398664519439714e+00
1.094921571592475384e+00
5.789898714314269910e+02
5.818328393441826165e+02
7.775058693166171224e+02
4.052057202658811548e+02
4.691299912380045178e+00
2.472550755744758355e+00
2.245055856183916276e+01
3.668468122857423737e+02
2.796434763551749825e+02
1.103767804710221512e+00
2.361336016113450853e+02
4.640293528479204177e+00
1.034983682260348914e+01
