6.639150680297493778e+00
1.741302412418966661e+00
3.100631013866376051e+01
2.894865329566029004e+02
1.457826365586336692e+02
2.902586365373916806e+02
3.959297595321741028e+02
2.744459318030624217e+01
4.431188790489261464e+01
3.758987556227758819e+00
8.255527010535409715e+01
5.027374669311280542e+01
8.773521568673839965e+01
4.177153945659133427e+01
2.414239302925506436e+01
1.145105464889982372e+01
1.984104834142509048e+02
2.798185491025349734e+02
9.862920950768348405e+00
5.055413037171550172e+01
9.044494331671877489e+02
1.464017506906540689e+02
4.591924076697165624e+00
2.436725159686752740e+00
2.040858571138666022e+01
1.223508970213577101e+02
1.534465003344938339e+01
2.068007058091940920e+01
1.779234983679292448e+00
9.695434082309679980e+02
