-2.467669811558389270e+00
-3.359193799473819908e+00
1.769827562062237902e+00
2.335030330142714661e+00
-2.038230875573026957e+00
-1.972347318940755656e+00
6.295036753447815769e-01
-2.111974589808810698e+00
-6.515173108785727862e-01
5.360354893664718290e-01
3.896150413568541637e+00
3.002634810500870444e-01
-7.949768728298627352e-01
1.815602447261875696e+00
-2.746788257675001788e+00
8.856453946991846848e-01
5.001408613782221124e-01
-1.985577192092970122e+00
2.643342053127764046e+00
-1.914956824090835674e+00
-9.547463024097728734e-01
1.047950204558773635e+00
-2.888952182120618772e+00
9.174666308416172811e-01
3.090612709352519083e+00
-3.088374472803496751e+00
3.259293058672465548e+00
-8.638655531814558586e-01
-2.325825891581137839e+00
3.351369048215488533e+00
-1.477131533668360142e+00
3.970869687137410509e+00
2.876052984495388820e+00
-3.161488410682403050e+00
-3.204997209908527545e+00
1.560445171980744838e+00
-1.783562212453983165e+00
-2.209405368312616247e+00
-2.730540420365563214e+00
-2.439746103656456278e+00
1.302648125064671092e+00
2.257114950842963097e+00
-2.127123755143369266e+00
-3.374010234475909087e+00
-7.859549178619715804e-01
1.052047364538051255e-01
1.922196121013744374e+00
-1.873607162349180122e+00
-1.005998388723648773e+00
-3.974396546041679912e+00
-2.769561005915613272e+00
-3.305907431705966459e+00
2.472410707744995051e+00
1.720433891892310108e+00
1.466333605608402202e+00
-8.762491854887581866e-01
3.602114437021041837e+00
1.766001644689578320e+00
3.958838123292465205e+00
-2.950765854396756538e+00
-3.924603024879509405e-01
5.855565656589716284e-01
3.123689721226972082e+00
4.193067848298817069e-01
3.305686163262517852e-01
2.826522910505658182e+00
2.710896167124046130e-01
1.765356723790447724e+00
-3.579393155036783014e+00
-7.347938908990681028e-01
3.289647305730582616e+00
3.742334612785619186e+00
-1.955556906305474740e+00
-2.667038177448652903e+00
2.337989616412460947e+00
2.111453650369074175e+00
-1.377908568153070057e+00
1.311155493511673598e+00
-3.021872066729178741e+00
1.132263670852971416e+00
3.918434793239184089e+00
1.129855855315041069e+00
-2.140799504782906482e+00
-2.984818026338165176e+00
5.057057877731834239e-01
-2.492502443007206026e+00
5.743221997311387383e-01
3.981480555457884485e+00
-1.812302381223567238e+00
-1.056896454534424379e+00
7.402047467797068236e-02
-7.179406500535137070e-01
-3.845861541924831428e+00
1.173133956886439400e+00
-4.924965240420053902e-02
2.844899343077996079e+00
1.937467381268422884e+00
-3.540824528571433483e+00
2.702397874292300273e+00
1.705717609053497341e+00
