3.271506860418386253e+01
2.825120315060380083e+00
1.363595410618353867e+02
8.817942585016892565e+01
1.180497781694068493e+01
2.620316048934954178e+00
8.877606259030459412e+00
2.770763476184638030e+00
5.351233892688777694e+00
1.020360382802499544e+02
1.294844642470424390e+01
7.043296147130181453e+02
6.592964618704158397e+00
6.810503003656251622e+02
1.060382965925060095e+00
9.121486568901179908e+02
4.477160904934716257e+01
5.495267605012496404e+01
1.918689471846372729e+00
1.441361984870514812e+00
2.163066525304329524e+00
2.195500873656629537e+01
8.879448610220343880e+02
1.202352942905281097e+01
1.503290983080232301e+01
1.702929087580772816e+01
2.336720407703973823e+00
4.161933186485016734e+01
4.767604747650628951e+02
5.383131559755184092e+00
2.724080884301241312e+01
1.423957698105734551e+02
1.026884031780932283e+01
1.127294723505247198e+01
2.208601232636782186e+01
3.516812400271548000e+01
1.004618236334724912e+00
1.969509129242686996e+01
3.636919488060513572e+01
3.918436666814739056e+01
2.329575465643752619e+00
7.907716014428042399e+02
1.699458007113956670e+00
1.227938510537144339e+02
4.139152676961463939e+00
3.494618827803215755e+00
3.043395408596049290e+00
1.115603228470811725e+00
4.641895338013259931e+00
4.656555882744349617e+00
2.913763112532287813e+00
1.419719745220310791e+01
2.047148393325717848e+02
4.643059040607216303e+00
3.781889096924985871e+00
2.037055560152460476e+00
1.255188256891572678e+02
1.372075840888582476e+00
2.496991894867634016e+02
8.335365271577743442e+02
1.530855633330268688e+02
9.879784495354948604e+02
1.975408467750539216e+02
9.683839263798306263e+01
6.066865734484206030e+01
7.569402191032115752e+02
1.307831638659281648e+00
4.392206249848987554e+00
3.363914088791889867e+01
1.077544125654090967e+00
6.594373431072581582e+01
9.142800539545588023e+00
1.977713702685392434e+02
4.631694931269312754e+00
5.967034738470610478e+01
9.938113152307545661e+00
1.531209882305908643e+01
2.976118280530584137e+00
9.813375807088890497e+02
1.357085084067268212e+02
3.300874936465292286e+00
1.196924675037857178e+01
6.202450618495657153e+01
4.889870382430176576e+00
1.654005280025872215e+00
1.118866259229957860e+00
7.043303864696763412e+02
1.070840736571875285e+00
8.025781379368385871e+00
1.693723407894018962e+01
1.047963378056344652e+00
1.371888103997934483e+00
1.092476777843655071e+02
1.496955049735931187e+00
2.871954733053473596e+00
9.550449373328229186e+00
4.410273828104987359e+00
1.043491326212062376e+02
7.755290560403859956e+01
3.453490160410365828e+00
