-3.797275306532812422e-01
-3.429427084238873213e+00
1.087468535054769703e+00
-1.964881420476857876e+00
1.508871957013167453e+00
5.180908998516002839e-01
2.963652907131404390e-01
1.345259921908404266e+00
-8.508230284893807394e-01
3.591733073028197332e+00
-1.541629696425723672e+00
-1.603193411303518445e-01
-1.821898938130583900e+00
-2.611264135015245458e-01
-1.310690068555468102e+00
4.790520041394081829e-01
3.497607409955634239e+00
-1.109552493680855179e+00
3.483051402697272536e+00
3.777942134032717725e+00
-2.304342596413580857e+00
-3.203982881524378712e-01
-3.389490327923904367e+00
-6.564885547420402645e-01
-1.029610442482760568e+00
2.142482011122770480e+00
1.082838203591650839e+00
-3.214190894762144701e+00
-3.070372172014293355e+00
-2.111231110719343107e+00
-1.062246477327331462e+00
1.491025241684446279e+00
-9.351233748529645950e-01
3.467458157189012624e+00
2.996094479119522980e+00
-2.978027942168122166e-01
-1.091851293241569820e+00
9.736563620022726795e-01
1.776968757668550225e+00
-8.643927715266475076e-02
-3.939250155060507907e+00
1.427234576935907384e-01
4.082990499960637010e-03
-2.693435629598099013e+00
-5.990844547493763272e-01
3.204071634358716558e+00
1.623532563976912257e+00
-2.428619706637644704e+00
7.143759834647003260e-01
-1.649807347673178270e+00
