6.111709701670768879e-01
-1.872254161089292879e+00
3.111381505684545523e+00
-1.000463387989397823e+00
-1.633258956270033480e+00
1.233370966059377238e+00
1.600313626019580937e+00
-2.906301291325675606e+00
9.926276783943777104e-02
-2.721195384700297204e+00
3.765989978429693075e+00
-2.034568972267476461e+00
-3.203915313207139626e+00
2.345167957424985516e+00
-2.383835577713999676e+00
-1.725751835474039986e+00
-1.237751021667043538e+00
-1.954857536906074778e+00
-7.130679997905415846e-01
3.421322694978142565e+00
-2.080432819475377393e+00
2.388715494518434568e+00
2.496620630439198685e+00
-1.251534739449438050e+00
-2.509821534398195553e+00
1.989570759371472874e+00
2.170898742517228364e+00
-1.869381953504889005e+00
1.300959801688987838e+00
-2.842135969145657803e+00
