-6.039534312763477075e-01
-1.992248758988564461e+00
1.466339689605060670e-01
2.791543383652310695e+00
-1.365440931598542740e+00
2.881903422323420116e+00
-2.719477556481919578e-02
3.105114940209177554e+00
3.843757697384345029e+00
3.753597016627445271e+00
1.243916167541729401e+00
3.416825684052234635e+00
-2.762988346098402381e+00
-3.842841404556853746e+00
3.322269465601433325e+00
1.103233804225078885e+00
1.020878114164163186e+00
-3.886668014134138538e+00
-3.149794290249924522e+00
-2.934411309089963282e+00
-1.943622179075139123e+00
-2.508658872868826606e+00
-3.008358802285293621e+00
3.663100986663838654e-01
1.185131263096565135e+00
4.813915852042871535e-02
2.247930555192299451e+00
-1.806718730496066350e+00
2.843219259989127501e+00
-2.157681495408170669e+00
