-3.431863940755359721e-01
-2.549486996476933776e+00
-1.542590148145337459e+00
2.174729538463399336e+00
-1.888546706851567336e+00
3.721005991803043145e+00
-2.269134514348698062e+00
1.745729232642249329e+00
-1.000611231026877768e+00
7.755758118813975699e-01
-2.872307416196998808e+00
-1.678963751305804664e+00
-6.397455476916995565e-01
-3.907642339077504801e+00
-2.404174881589753454e+00
-3.318058027397664311e+00
2.364363719585050205e+00
3.678041565738761953e+00
-2.382698687852103703e+00
-1.544788420514404237e+00
9.757757937185838060e-01
9.834987237821319894e-01
-1.954815031045883167e+00
-2.101878145322500835e+00
1.971912333094384628e+00
-1.814677454501606668e+00
-4.079080641741850144e-01
-1.909049516813224656e+00
3.673951810540714291e-01
9.546960917154247994e-01
-2.903081667936518784e+00
1.657590716663135844e+00
2.921291456119279317e+00
2.556234800459066037e+00
4.010014009554359049e-01
-1.051580856062867220e+00
2.110000031649041929e+00
-3.118640847465957044e+00
-3.520401493896815559e+00
3.803401919784085372e+00
1.123796973365345231e+00
2.723959548691431642e+00
-2.312649767862542838e+00
3.896926390657382555e+00
-2.421593255108705378e+00
-3.271836348732742650e+00
-1.458577945178642921e+00
3.987762017590258168e+00
-4.009972906534571280e-01
-2.312939581246360454e+00
