1.682092386798642814e+00
-1.144297061725811027e+00
1.524165890252424660e+00
3.089435536666664817e+00
-2.304335052285517271e+00
-1.044408316636546985e+00
1.532429784072281365e+00
-1.879692853740446701e+00
-3.389323250728621950e+00
2.365560793949983420e+00
3.317482719347824016e+00
-3.412725096840907746e+00
3.705149650740631628e+00
2.010384198002449274e+00
2.565065253346481278e+00
-9.854455724544308737e-02
-2.451962237609136785e+00
-1.306565042359904893e+00
-1.465629992937467208e+00
5.695792528732042115e-01
-3.944204396934071433e+00
2.884579263589601261e+00
1.968635701665155224e+00
-1.710395631765062596e+00
1.016870467345464490e+00
2.650976691585836598e+00
2.008193601494481229e+00
-7.004177168726757330e-01
1.668704051965559820e+00
-3.929750960425828943e+00
-3.922491350131451782e+00
-2.550214466665600810e+00
5.915538382903209325e-01
-1.811741325218783061e-01
1.404791553703820917e+00
2.901068670965610607e+00
2.947308967090045861e+00
3.807053293703075880e+00
3.280513644192558864e+00
7.003793203513497545e-01
-1.660832011597948465e+00
-2.041643596209308242e-01
2.019353209522765091e+00
-3.985371622423388160e+00
-3.924240868742605137e+00
-2.397371814146469937e+00
-2.170629095336163772e+00
1.155994253506905878e+00
-2.309285677392249880e+00
1.527945849907296427e+00
1.640271795535493737e+00
-2.069686732222456804e+00
-1.710181244878741680e+00
2.265930298970206813e+00
1.454938533658957311e+00
-4.215663235451607704e-01
-6.690465374927825337e-01
-1.927718590295144807e+00
3.219316376503958743e+00
-4.351754211252094606e-01
2.785056724829803265e+00
3.264426835430888296e+00
-5.575059781423297167e-01
3.581797315628631573e+00
-4.255432800721923314e-01
-1.882784716114517032e+00
3.471173162082867414e+00
-1.347476405838504476e+00
1.791208168303124459e+00
-3.042074563242785246e+00
9.119224594022643515e-01
-7.129747613029486786e-01
-1.893183231009358813e+00
2.189720088480263449e+00
2.923645134581351890e+00
-2.776693344955194931e+00
-3.564101738642815320e-01
1.782254675728728976e+00
4.426385542928130690e-01
3.488544186342356745e+00
-2.334379669872340912e+00
3.689123216638927616e-01
-1.869797296599706726e+00
1.775924751603289664e+00
2.004949682316919279e+00
3.318698053375675805e+00
-2.096482085523945216e-01
4.184491444194753385e-01
-8.490461587168383062e-01
-1.396271072367604837e+00
2.222762700598229557e+00
-2.518996940485419778e+00
-3.705272767027072867e+00
3.954534244377860830e-01
1.550962366198462838e+00
8.870902898522619040e-01
-2.834306540744414349e+00
2.512665592418539262e-02
-3.870846893667768462e+00
-2.493972339397458882e+00
