3.398925700713882492e+01
8.033426568845281679e+01
9.133947756548600694e+00
1.639094249069687148e+00
2.073155410721125591e+01
3.124915013960834287e+01
5.195021973705508600e+01
9.331730359207725201e+01
1.615578078150456420e+01
3.853832223650999200e+00
1.141174929659144155e+01
7.557771524110137307e+01
2.544699477996793746e+01
2.132061966897439831e+01
8.899012912469140701e+01
9.930447001613086400e+01
1.978767144911763154e+01
7.732458975847660554e+01
5.488094772372159014e+01
1.317732599899387580e+01
2.507409514327697764e+00
6.811240321260291353e+01
2.490391951779716173e+00
8.689990744860644156e+00
4.030301996140588017e+01
1.410855226285827158e+00
1.104417887441862201e+00
2.764059581968720636e+01
6.346554289679501082e+00
8.769714800056073045e+01
