2.457282475470122662e+01
1.315577293649951685e+00
3.273160632474013454e+01
2.860945036476277625e+00
2.123686117026925402e+01
2.351125479077690983e+00
2.545318453339954878e+00
2.583045579371567158e+01
1.683626774211255039e+01
4.365808719956965511e+00
1.143283217959680442e+01
1.033878206792931387e+01
5.801159993382488977e+01
2.236348246509622051e+00
2.594196481116947695e+01
1.388927159330043182e+00
4.258921711805838228e+00
2.083745063762107996e+00
7.954828801973769714e+01
9.940651209327358018e+00
6.861091770267398360e+00
4.309473967476511014e+00
4.289040768142651672e+01
3.118712495751169911e+01
3.045593868105759050e+00
1.745199431595009676e+00
1.681859119452869589e+00
6.213960068094359457e+01
4.589177525434916305e+01
2.439827768926403095e+01
7.598846537194948958e+00
1.080943628791243949e+00
1.150229154161594991e+00
1.143597546170911627e+01
4.909643703478029408e+01
1.448538959705661711e+00
6.542559104748151810e+01
2.337826635366343275e+00
4.302888774174769893e+00
4.703098772966983887e+01
7.858227039596146213e+00
3.693107632185363975e+00
9.798630034389515231e+01
4.948743154915533893e+01
1.369660363949141235e+01
1.895776204999655334e+01
1.618070418316521542e+00
5.488140341545832079e+00
3.651917314015674521e+01
1.555455839782801242e+01
2.081221923813412644e+01
9.265229102057075750e+01
1.515556717928111041e+01
5.152415854817925300e+00
2.470833033541522994e+01
1.105093602698993260e+00
3.918288864874698518e+00
9.393404107028167971e+00
5.848887724691619994e+00
7.061961040069787998e+01
9.643066929247149233e+01
9.120210996303686102e+01
7.529249754580906995e+01
4.942423544673092195e+00
1.168076901043357818e+00
2.812686033863343926e+00
9.473991084974448640e+00
8.051825609535933381e+01
3.126755063428069636e+00
1.178638841337545040e+00
1.731994867943382532e+00
4.268844007925538975e+00
1.188384045231201647e+01
4.213977226603117288e+01
3.695015783226673012e+00
2.969672557556622650e+01
1.176752479409043595e+00
1.063895150646169574e+00
2.776334403756433389e+01
3.590504261068470981e+01
2.304983725763634794e+01
8.876583584267265792e+01
4.850451927226467319e+01
1.102554071386748191e+01
5.392792608116071307e+00
9.034086630378448390e+00
4.001828675731093909e+00
2.898615319562405812e+00
2.512526059011491242e+01
9.400243003053390112e+00
3.132727921619295230e+01
1.651589517927152784e+01
1.404095605856740114e+01
6.897349527479498477e+00
7.964391981628849315e+00
1.188915603458186787e+01
8.521814360350328243e+00
2.517392073415976839e+01
3.520729293473910282e+00
2.479298293111102325e+01
