3.886381385675153410e+01
1.029701228798993462e+01
1.218042157724265095e+01
3.604282106173250622e+00
4.573106665416604599e+00
6.518194275827256945e+01
3.187326853653637215e+00
1.127307016217219271e+01
2.327042539859344839e+00
1.006908368952001531e+01
2.302055684871857633e+00
1.491092717983857119e+00
3.283322343584443637e+00
6.445050393886372575e+00
3.600715371859546821e+01
5.148105257335657114e+01
3.564346866634136290e+01
1.741305651334946969e+00
2.485081566552087295e+01
5.097110587426804074e+01
2.557947006165132819e+01
9.581156152597453968e+01
6.618145243389604104e+01
3.249856308304091002e+00
1.667714291674852944e+01
1.780459230545259564e+00
2.336179112458845708e+01
3.858159908914676350e+01
6.405820687656274970e+01
9.822162703274900153e+00
