-8.750192469185167354e-01
4.609236357487445090e-01
-1.541842267573861669e+00
-1.065056837107666965e+00
-2.023876026651825200e+00
1.111070399147973120e+00
1.247532298496913050e+00
-6.491303209843461985e-01
-2.919819929495353072e+00
2.398733111818565078e-01
-1.419694242209464718e+00
3.050452843317802198e+00
2.654785310515359598e+00
2.963411173324765890e+00
-2.781574846561974290e+00
1.225362654992562916e+00
2.957481842161962859e+00
-2.983862795624463438e+00
-6.543905866193764354e-01
6.026395212329047624e-01
2.450012682976909772e+00
-1.425816442864666911e-01
1.283409066474651361e+00
2.430214817090731394e+00
-3.699681105129168479e+00
6.680495458069524162e-01
-2.357218922925075510e+00
7.530656410539151580e-01
3.693421654541205079e+00
-1.401939297202240198e+00
