2.038172595574936707e+01
1.918690119743368072e+01
2.896167495984120599e+00
2.139323578219870470e+01
6.876959561430115997e+00
2.386218957004174612e+01
2.469517616361843437e+01
3.458895055597078994e+00
2.431727756115758510e+01
9.465487440140528008e+01
8.500194496562804147e+01
1.760131743592574693e+01
9.089232672436031280e+00
3.167714486901364879e+01
3.110396303921001415e+00
6.720479396655748872e+01
4.015428892341418532e+00
5.488911872500616518e+00
1.384915542515206877e+00
2.145906941650387978e+00
4.579480867747228956e+00
3.945807688216872666e+00
6.318053630639748341e+00
3.779849699012916009e+00
3.148129186090253828e+00
2.239843385514667773e+01
1.680589971042867115e+00
2.370084860150500905e+00
4.099362840888707638e+01
3.775475226308316223e+00
1.460566736990136860e+01
1.868921050032011699e+00
1.517189808805707329e+01
1.634061401535596758e+00
4.168943355436624643e+01
1.780711647875762438e+01
8.288188692156502668e+01
3.481988082976109400e+00
8.286229651600267587e+00
3.286650198191415484e+01
4.216585531636342665e+01
3.631764109514926986e+01
5.518398764240237675e+00
8.874876998453567367e+00
1.378931636513500925e+00
3.824438934134685830e+00
1.380332578235232699e+00
8.232927190522339345e+00
1.628624558134453615e+00
3.934377884512916257e+00
