6.295600471953500943e+01
7.612149842543416867e+01
2.460059222454460848e+00
5.769696619249207714e+01
4.104255718646438567e+01
1.732817161587331123e+00
1.028938054617999809e+00
2.035445036321751111e+00
4.021213559160781159e+01
5.805432981152715399e+01
2.150203977742175354e+01
1.231641409833176493e+00
6.440756898774434802e+00
1.955730414543473517e+00
2.267128765607087004e+01
3.813254066555541755e+01
9.544042722379078469e+00
8.727336884414333085e+00
8.303186868193452597e+01
9.738597496863739877e+01
9.532005392637497465e+00
1.267926014754285546e+01
1.028483696953148296e+01
3.008022072573384165e+01
1.357271074122566201e+00
1.703568420686513463e+01
1.996128099316665683e+01
4.233516604914806969e+00
1.377951528895263289e+00
8.343065597257967170e+01
2.763200778647890932e+00
2.569950984855352161e+01
7.490128580600062591e+00
4.927699051446600365e+00
8.788081773110283734e+01
7.370576785150298349e+01
6.430345025327309827e+01
1.250776166686046409e+00
2.013598447845905426e+01
8.541007143212507913e+01
9.362102487477338641e+00
1.312546525223632621e+01
5.810824614659748200e+00
1.109230536259764532e+00
1.450716661062568136e+01
4.138986480523848144e+01
1.340850396468076022e+00
4.141749853126571423e+01
1.255095487759900763e+01
2.079122831467562715e+00
