-3.410933365676840801e+00
1.941688003718813782e+00
-9.640632711691905499e-01
-3.305903432066342518e+00
-3.640395709467109775e+00
3.417420187832040490e+00
7.476031794836339728e-01
-2.341722948130833259e-01
6.159921372267564976e-01
2.651529117894958709e+00
2.608880986085153175e+00
-1.484483389718151969e+00
-2.714371802856955007e+00
1.876196748475457809e+00
2.374236583341061468e+00
3.296205555595498105e+00
-2.268917143286361515e+00
3.044088541070365750e+00
-2.953288858277659301e+00
-2.042375854468812868e+00
1.082609342943296582e+00
-8.519196660988637149e-01
-2.452747893257453349e+00
1.722557295890141837e+00
-7.867336613114339627e-01
-2.293388267274538705e+00
2.783732112332100606e+00
-9.417494095758058847e-01
2.000653662146871348e+00
-3.345818517234413036e+00
1.151896167263513071e+00
-2.204454973566026155e+00
-3.961545856123360743e+00
6.240993551872016099e-01
-3.462772705203296830e+00
-2.179284402517888353e+00
-1.221695171193381668e+00
1.372432454629048060e+00
-1.793639937894452530e+00
-3.051914953484625492e+00
2.378291634539558608e+00
-3.093124638383397240e+00
1.434425634070209732e+00
3.965985506264419591e+00
-2.368334235535902721e-01
1.429428206760307241e+00
1.478356640038100522e+00
3.535629735996675294e+00
-2.990806251800606219e-01
-2.941795261751600776e+00
