5.254063455659521154e+00
9.497806584585696044e+00
1.735509110535452493e+01
4.053629144359592118e+01
1.737066506594234738e+01
2.924401458169487267e+00
3.178817583211413389e+00
2.746944236658376504e+00
2.486044818639603093e+01
1.522554516172074202e+01
2.363967454507764909e+00
2.191486918046722110e+01
3.460625768274741887e+00
4.464925644393084525e+01
6.328988374563983221e+00
5.803749897163097415e+01
2.371049060855872526e+00
4.137110440973826186e+00
2.626600453807337843e+01
1.213953240933469857e+01
1.834247092312757177e+00
4.238608220423379436e+01
1.028035342390748319e+01
5.463041860481669687e+01
1.331923674943894120e+01
4.147394515752498023e+01
4.164231632471674160e+00
8.721059904658977402e+00
2.069294586586752871e+01
4.849698823121630653e+01
1.214870092761363818e+00
4.713337758208663075e+00
9.187883949815301321e+01
1.780618377644950234e+00
4.875021292745821455e+01
3.703745807714560812e+01
8.804482714569264346e+00
1.838848305545567774e+00
4.953986676351549789e+01
8.419100814036267977e+00
7.278585593504779183e+00
1.084220667698086560e+00
3.137828980635335885e+00
3.470317500240729380e+00
3.735735034537363930e+01
2.924712656246799547e+00
1.645966885963144577e+01
2.473954384887872138e+01
2.396852507627722950e+00
1.752029095371535661e+01
8.211071010358836020e+00
2.755525775430875957e+00
8.776307310861808730e+01
2.658158458887063702e+00
1.662843370349194494e+00
1.111033224741507297e+01
3.217694211367950174e+01
2.005673471506500150e+01
8.170165493804351087e+00
1.134584593779268236e+00
2.229748610012551424e+01
2.189275558956130752e+01
6.605695439854378037e+01
5.406392999045035452e+00
3.425543281575780252e+00
1.775720358038188840e+00
3.100365637487978887e+00
1.336064772959989932e+00
7.083133300233534158e+01
2.134476778170158440e+01
1.958408857983112705e+00
2.176816018939382147e+00
4.675633904794855766e+01
1.798083185548433960e+01
4.370110261821599451e+00
2.002195366958766432e+00
6.328633489095650155e+00
8.212542659138641454e+01
1.500578865608611956e+01
3.034154002117368965e+00
1.533030408494532182e+01
3.630405798939820272e+01
2.490215607255423436e+01
1.729636530267329997e+00
3.402106733093402280e+00
5.912076604586219020e+01
4.468480224622189922e+01
2.275953765204359414e+01
4.425679814601604534e+00
5.878567285734937542e+01
4.187200055131727439e+00
3.423949065512003731e+00
1.264707643238605073e+00
2.804577422128560471e+01
3.743376539705101180e+01
6.061933171684059118e+01
7.818387057628443415e+01
4.360842792657581413e+01
1.654263730317349745e+00
2.136805812863565190e+00
