-8.400437919561998257e-01
-3.372866870377063897e+00
-2.612942683574178027e+00
-8.315688726570007461e-01
2.823250878481932347e+00
-3.593818499860082838e+00
1.499141866000019974e+00
1.708263187632528712e+00
-9.896033781448494437e-01
3.859418250999671507e+00
-2.037503027409123035e+00
-3.988257850722041198e-01
-2.672711112330849126e+00
-3.594390876927346490e+00
2.459837503106575340e+00
-3.678391402394051823e+00
-2.788018037992148201e+00
2.065530344706019150e-01
-3.482156024586721799e+00
1.351890999961788964e-01
-1.917845505547651541e+00
-3.170827553302151713e+00
-1.200073904697377181e+00
-8.488943532588093532e-01
3.133518278150306813e-01
-3.216891410705154719e+00
1.264131766985312488e+00
2.187166605776041273e+00
3.665701439014352303e+00
-1.020668415096031012e-01
-3.367487613352338371e+00
-4.606610416280600973e-01
7.556011191816489614e-01
-1.796812248326759232e+00
-2.189020432354390699e+00
1.289120621395659860e+00
6.179306540018130178e-01
-2.843543157347117933e+00
-8.823372819731689631e-01
-1.409797048282888987e+00
-2.563973488514914578e-02
-1.587457244969097125e+00
-4.519592318514407125e-01
-2.837839114321183409e+00
-2.142935753749474870e+00
2.870822943315014086e+00
1.647560245857977890e+00
-1.247576629543643456e+00
-1.436180438531589942e+00
2.600274080099904239e+00
-6.964666403379666804e-01
1.435475646162394092e+00
-1.753866632199105879e+00
3.063928034566105296e+00
2.982742733670177948e+00
-1.610747873253401963e-01
-8.393580658487547197e-01
-6.083877611935557539e-01
-2.510359243396440121e+00
-1.372372741203456314e+00
2.995854593331042537e+00
1.160106488577487660e+00
-1.268654574527810830e+00
-3.896565814904571212e-01
-3.394388121480950815e+00
-3.056377019348402335e+00
-3.422770121669825194e+00
3.548399614836066362e-01
2.938745265219436575e+00
-3.266747722227981932e+00
-3.599716543066378449e+00
-2.108172196868215664e+00
-4.944131134510607595e-01
-1.237706300572030571e+00
2.806249211280571920e+00
-2.130333291079790747e+00
-9.886535104213969305e-01
-6.787361231568391773e-01
2.691607985922578550e+00
3.250225394463670092e+00
1.488672850631531652e+00
-3.705732141453390582e+00
-1.377224500428130050e+00
-7.227707839512165222e-01
1.593626276331232106e+00
1.941208794307765828e+00
1.316926877539239094e+00
3.901152859646041193e+00
-6.656468411867502155e-01
-3.441335387275027635e+00
-1.624292361419191089e+00
3.130364635277604890e-02
-2.579442023190578581e+00
2.176219081040664527e+00
3.437539607072612746e+00
-1.692579900357537248e+00
3.698116741800347995e-01
-7.903028583278643993e-01
2.613601347772869232e+00
-1.768786103577571822e+00
