2.947419871084428600e+00
1.091769523870363301e+00
1.621256268471800155e+00
3.442850616968007316e-01
1.916501757757779423e+00
-1.304891741059033272e+00
-3.693224151593406113e+00
-4.417194941748432413e-01
3.198808525408000314e+00
-2.327240262939715976e-01
-3.044022892507133093e+00
3.769454217046132705e+00
1.283712493040674474e+00
2.524877531181735968e+00
3.996399769991063167e+00
-2.126789734736602711e+00
4.379481115500274413e-01
-3.080633901130647168e+00
2.353645209888801659e-01
-1.523067353041440697e-01
3.852268001256959451e+00
1.842216905351993894e+00
-3.250753730353502569e+00
2.434540356838341246e+00
-1.224411501059572416e+00
-2.184623606082808145e+00
1.123547841678949055e+00
2.753532814488266922e+00
1.288810988091054099e+00
1.212331121852659344e+00
-2.063252745688012091e+00
-1.849010159911247619e+00
-9.781243476749388321e-01
2.136508410054412721e+00
2.314234110072974637e+00
-2.308462414886209402e+00
-2.736604500974769039e+00
1.472544211410554915e+00
-7.341310448130213828e-01
1.239247144059206107e+00
-1.914742539539839861e+00
2.070034229049074526e+00
-3.238796754790600474e-01
5.664149055567015978e-01
1.201755584069615246e+00
-3.360062355001587342e+00
-2.785581737730518981e+00
3.762648162134202501e+00
8.872168017078694291e-01
3.953681705657038137e+00
