9.378331388949089842e+01
1.167183290977466426e+00
2.636518887252973187e+01
1.623270563489739615e+01
4.960375270074951715e+00
1.932317388286745086e+02
4.879914654500606908e+00
4.419159238517707990e+02
5.278285852589966076e+00
4.091628582165053096e+00
2.795809984215798494e+01
7.484161054658550860e+00
7.587543558964841850e+01
1.636667638894551047e+01
7.242746141670751037e+00
6.423951073921544186e+00
2.257421694655236521e+01
7.550478367958204728e+01
7.384976125786643308e+01
2.214830988550253821e+01
4.421240043334267789e+00
6.061882841419041767e+00
7.430047141341091788e+01
2.074576149223528621e+00
1.130894611361466318e+01
3.950148187063429184e+00
1.026123359961066583e+01
3.465071974958089385e+00
1.320865620871249257e+00
2.738729508715564620e+01
2.438267673630779697e+01
2.434383421985925722e+01
1.443302768292363325e+01
1.211899083624893052e+02
2.565486563499615045e+02
5.008949043039527851e+02
2.168404109767617882e+00
6.542001663023012270e+02
6.753771280988806325e+01
1.085134953686896830e+00
2.412148598651465914e+00
8.062440092019006670e+02
1.422060130272149614e+00
4.544253241533015171e+02
1.418178799786135924e+00
1.764311116253882687e+02
2.997254594682066564e+00
5.179713529455348464e+00
4.813270135073907454e+02
4.674769987189386029e+02
6.487995102691518241e+02
1.179681074958178932e+01
1.635452594928345960e+01
9.879828833246786246e+01
4.997939698509158006e+02
1.719853586044938538e+02
5.004179317210144262e+01
7.340520476531831662e+01
2.121621614277295294e+02
2.140310992830934289e+00
1.217740593678625061e+02
3.162083048188382577e+02
1.743746996193334509e+00
2.186865434184813939e+00
8.796687998402887843e+01
4.541096662428169672e+00
1.170823389845578433e+01
3.050013394870545014e+00
1.880529333440662469e+02
7.006040848751071337e+01
1.911064884008922249e+01
1.344193862250214089e+01
8.453159463118001327e+01
7.203088850450350833e+01
1.717158183003433258e+00
6.997915250143273980e+00
4.459801766351604080e+00
5.239909838129763742e+00
4.627358386024178927e+00
1.011632078279563274e+01
7.712835933359571072e+02
3.391961912184270886e+02
8.873129533165396197e+02
3.337267932446781771e+01
5.267557272229388587e+01
1.501445592580977291e+02
1.350462741158287905e+00
2.297015529552031410e+02
2.537353639267019290e+00
3.663463265984192585e+00
7.527707168548587013e+00
4.118084349328069038e+01
5.631892479524960748e+00
8.382412648290422652e+00
1.042080404759253476e+01
1.106998403044045602e+02
9.213492628374101656e+00
2.812934831383261169e+00
6.124925563157028137e+02
4.804183269759123931e+01
