7.381646448484386269e+01
8.506356731519144176e+00
1.570053469961781900e+02
1.733419915003268841e+02
2.618924372100289588e+01
3.703812919933636749e+01
1.979937686358194426e+01
3.156778229176901363e+01
1.265738156592051133e+00
1.778265163360572387e+00
3.612689702289496818e+00
1.691079524215199115e+01
1.633035489436023502e+00
1.267934707961960061e+00
2.114007082962959601e+02
4.488869315459531606e+00
7.017971431212569087e+02
6.433043808032193738e+02
1.399554802114185215e+01
6.751642394704421122e+02
4.762009570451660956e+00
6.818755458493190247e+01
2.033889480114863773e+02
1.128242736353797966e+02
1.102628222232567623e+01
1.245508687724572683e+00
4.250520088206500624e+00
1.774971289596922119e+01
1.855711952995409035e+02
3.154242156316262822e+02
4.508729104730790027e+00
1.731811589085701542e+01
4.456745057129288625e+02
8.126927056311621982e+02
8.681080229268815174e+02
1.570009035306804606e+02
8.604824531342476490e+00
1.279160546689070443e+01
2.428930069315790874e+01
1.129736205216995018e+02
2.996857604827473764e+01
9.579865407147561740e+00
1.070613265374714018e+02
2.371422047733844636e+02
5.329598515611809972e+00
6.315541502082154146e+00
1.408728933243341608e+01
5.129341275643934495e+00
1.163780371239729661e+00
3.803248010001108792e+00
