7.635163519481569239e-02
3.934453204415857108e+00
3.115179900526916512e-01
7.724332033471599246e-01
3.092148563884200563e+00
-1.461520940519878131e+00
-2.081811425842588825e+00
7.405513819592099978e-01
1.276993859559535593e+00
-2.200817321906095358e+00
3.974711765051202050e-01
-7.268531984331909612e-01
9.973499086924375590e-01
-2.254223001784884772e+00
3.470360760999230187e+00
5.186543042973621453e-01
-3.084532386462273124e-01
-3.232959938605137751e+00
-1.098873973611201649e+00
-1.719333099012275490e+00
-1.710667470854184025e+00
3.175466560341653199e+00
3.055134111866511404e+00
-2.898037009848946965e+00
-2.454681258111197195e+00
1.737535036485565954e+00
-3.310092125704601429e+00
-2.658597418268291435e-01
3.588415557615854290e+00
-2.937954889927148372e+00
-3.196832311275055183e+00
-2.046714954999862002e-01
-3.745485680984452337e+00
2.382710269284867621e+00
1.751555936965708327e+00
3.222649380341121805e+00
2.657016879024959977e+00
-1.929633124943534561e+00
3.077126810644769783e+00
3.567967402697860280e+00
-2.120256423645598076e+00
-3.546785030656598892e+00
-1.711139978304612619e+00
-8.978348440307097889e-01
-3.785858711937784449e+00
-2.483063632068077453e+00
2.792571586586158894e+00
3.549497802681981007e+00
-7.021838483338518344e-01
-2.209810285495930060e-01
3.521891240059541239e+00
2.863548474532961130e+00
-2.760335434150114509e+00
2.698530643827845132e+00
-2.393505543322930862e+00
2.184970913433281758e+00
-9.771722375686042739e-01
2.316722069988548682e+00
1.318626454143192461e-01
-3.059373870603271151e+00
2.736327451743624906e+00
-3.156909811395163246e-01
2.240241395912356381e+00
2.627450805733873906e+00
2.350289430645613464e-01
1.831632917264967020e+00
1.208081777183460659e-01
1.670596708963169696e+00
-1.299525149113850198e+00
-2.865898463554446884e+00
1.044270722662488105e+00
2.191042811066194140e+00
2.423136426996782333e+00
3.402775644990775561e+00
3.253058918300172131e+00
-2.467209532841435404e+00
-1.020019790328419163e-01
-3.630183873428087793e-01
-8.415013347806237221e-01
2.589454114520819417e+00
3.582143938291702412e+00
-1.546445849980262466e-01
-3.199334202730793386e+00
-6.632909807656579559e-01
-3.354965288092286890e+00
-2.043720117920749146e+00
-2.905543511171384097e+00
9.827151320002442958e-01
-3.298266729321587043e+00
-3.355140959978228032e+00
3.504671495983957108e+00
1.819513119826067005e+00
4.128032491034954177e-01
3.796808123505615029e+00
1.017244718138554660e+00
-1.748581987462343612e+00
-6.471421384772622076e-01
2.872304528335637208e+00
4.219439838542813348e-01
-3.516952728975315523e+00
