9.279239897345421539e-01
3.203100256424571413e+00
-2.341121803052856443e+00
-3.472021797695000522e+00
3.761814517714809014e+00
1.358211539186418015e+00
-3.497781374917430242e-01
-2.709150507808566921e+00
-2.344155003010853555e+00
-9.285896187814000058e-01
2.770452634376929346e+00
-2.245235815261489520e+00
-4.114939714532015458e-01
2.804652846377605258e+00
6.516822954956724701e-01
-3.156454017025972725e+00
2.856793691100206090e+00
-7.634036242098165559e-01
-4.601441802459635966e-01
2.256590401690002246e+00
-2.335653016380570435e+00
7.729846293262916390e-01
-3.227174722171819887e+00
2.972764774838558388e+00
2.691314480989862368e+00
1.447731713998660297e+00
-4.270965891324838282e-01
-9.291571014402091322e-01
-2.785028066240306188e+00
1.560185214513290397e+00
