1.074312985332951831e+00
2.183147321594759660e+00
2.453384482255905823e+02
9.211256820701269135e+02
2.350162972542487072e+00
1.378695332267630533e+02
9.301320922947594383e+00
3.078547524427370163e+01
6.418791321142656159e+00
4.124331521515932195e+02
2.186895727674257444e+02
9.475326341439288171e+02
1.075436300402673906e+00
1.702494176754929001e+01
2.328564076217691792e+01
2.327216666830684346e+02
1.057499620471223878e+01
1.029216609194976861e+01
2.813251718900684750e+02
7.932894324694723664e+00
1.541921915848416313e+00
1.085414540571257369e+01
4.347958496775611081e+00
2.654719350501140163e+00
1.855150184167436711e+00
1.515904914166696393e+01
8.289510323206869202e+00
1.067338650329186178e+00
1.325730095157470032e+02
5.449624002552970978e+02
