4.362595338906251285e+00
5.153211819569233398e+01
2.089801086316240486e+01
3.643221614586021673e+00
9.792794753784770023e+01
5.448454297510085809e+01
3.634628943259481559e+01
1.410575449073108611e+00
1.623563319803198235e+00
4.244484410042714373e+00
2.485514707164762083e+00
2.214815934217242432e+00
1.834800146713587043e+00
4.283707333926305871e+00
1.020719689859034318e+01
5.214472021818708214e+01
2.458292159072485461e+01
1.510133891414342777e+01
1.451392795964556059e+00
1.597158848318275925e+00
8.387379868806220884e+01
1.604207500055879621e+01
1.124943295584505121e+00
1.923145234210777943e+01
1.069663286396792223e+01
2.680107104678532082e+00
1.067718835017699242e+01
2.948381267615690415e+00
1.113615580533466431e+00
7.208988091091836736e+01
2.249534851967077476e+00
2.244901719414465369e+00
4.044515291736217932e+01
1.639688988537611358e+00
8.247823513697171904e+01
7.295557824785378287e+00
1.540488771001929535e+01
3.470169040812373762e+00
3.876116876112266141e+01
1.485711354566386477e+00
6.053132346000277408e+01
1.074896069627740935e+01
9.946522093182959878e+00
1.215551233115632401e+00
2.951405178892354098e+00
8.777114044134675908e+01
9.187170807547273554e+00
1.437491357232875444e+01
1.923678969986360343e+01
1.306304489152650028e+01
8.657054541158888128e+01
1.515649179451047068e+01
7.501917489244844361e+00
6.396593231700291149e+00
5.207074829349593870e+01
3.971802048273218588e+01
2.472053814301914620e+00
5.072806569119283893e+01
9.557410715614340191e+00
4.063059568278272415e+00
5.479262565102051497e+01
5.816796418306331162e+01
5.504352547403272844e+00
2.087366667679022569e+00
1.990318154714588728e+00
5.101977061069253416e+00
3.050541980675441067e+01
2.013355425743087679e+00
1.389429039217456863e+00
1.977254054040085762e+01
1.696480842163835945e+01
1.390474492872491030e+00
4.984075121204972980e+00
7.362236542030800912e+00
8.893158347735996117e+00
1.502281819961513243e+01
2.006007786260043346e+01
6.648810262725967846e+01
2.046317519401178231e+01
1.152353572005255788e+00
1.454319744440432594e+01
3.928480389424056085e+00
3.406191711926239662e+01
1.803244951504124671e+01
9.578354600550322573e+01
5.910084062715795561e+00
1.468357155149796700e+00
8.826794126453096112e+01
8.334955034237212956e+00
6.038278602558477814e+00
6.172119566041790506e+01
3.713757297868168994e+00
6.391557199175517212e+01
1.695701575211935364e+01
1.336292177621797972e+00
6.166286972815969847e+01
1.986601813170064190e+01
2.777347948230823427e+00
2.574778517142081391e+00
3.190961084067184217e+01
