5.529971830803022570e+00
8.124297988605891874e+01
8.070815447019704436e+00
1.039170144633233406e+01
6.963659593725199493e+00
2.547539036832973736e+01
1.007826845543455141e+00
3.157970024979015911e+00
5.406319908659797058e+00
8.242295763280169751e+01
8.257063766239292590e+01
2.524640235936163535e+01
8.193535869238457892e+00
5.068474762970382130e+00
1.964756173410572071e+00
1.111932446256489548e+01
2.219375468881700542e+01
8.864771744213413740e+01
2.774949581703917190e+01
8.182188906920975668e+00
4.153662351087677962e+01
5.117770995701459924e+01
9.592689864937868904e+00
3.451513247575242804e+00
1.942383393843208017e+00
1.968499195637987143e+01
1.085774236051517327e+01
2.136749730587506946e+01
2.339262173755202845e+00
1.566467256172159317e+00
