-3.464574612710436874e+00
2.261549491141979118e+00
-3.056418014555075224e+00
7.353210845812832019e-01
3.953335228392367284e-01
-3.903775431010428676e+00
-2.725871588482881691e+00
9.755802838983287373e-01
9.195049744055605601e-01
-3.735983239768499331e+00
-2.256925239772352043e+00
-2.788721734262725960e+00
1.953884110772077243e+00
-6.746927783151948077e-01
-2.826564230265385724e+00
2.685242135774540628e+00
-7.965958872037246508e-01
3.807287978073660817e+00
-5.007720689977901429e-02
1.257937718590195431e+00
-2.258750517712944550e+00
-8.850485967944097254e-01
3.532076515690467211e+00
-1.746439743131619871e+00
1.929256569291546874e+00
-3.888287801397822818e+00
-1.764428955925900766e-02
-1.899228424125348091e+00
-1.141005697427998733e+00
-2.760749971719127949e+00
