1.791858063389076605e+01
1.018665559885038796e+01
4.295810083811366198e+00
9.531220808455357485e+01
2.777206783944130919e+01
3.442991398319147578e+01
1.216770003584737747e+00
2.625232385911207089e+01
9.870548693917983840e+00
8.885209873325354835e+00
1.051815949031365216e+00
9.380244309912391998e+01
4.262386104911861651e+01
3.675427627653169438e+00
6.246904264402122209e+00
2.756924499645725390e+00
1.581769763971533571e+00
4.551958716242217662e+01
2.168671058494606996e+01
1.571149548213506186e+01
7.085832550793247719e+01
1.656558529795605139e+01
2.437622226705994777e+01
8.222136300814744914e+01
3.078946232279785811e+00
2.738104820837440201e+01
6.476868465773777928e+01
3.102896349168960732e+00
1.585327859445748722e+01
1.221121858988772235e+00
4.650572231203362605e+00
1.632293469764773519e+01
2.655568353336045107e+01
4.745248735060435763e+01
8.338463523333383876e+01
1.362540624983750837e+00
1.827567375309837772e+01
1.563350868886866607e+01
6.402944441985711421e+01
1.213064104223690043e+00
3.483980721187288854e+00
1.193880617725483040e+00
4.532131156320616583e+01
4.268737409550700690e+00
5.200109581199786390e+00
3.426134511191296195e+00
3.382443542897820521e+01
2.787753649891457020e+00
4.670375960721541020e+01
1.015509538379223464e+01
