3.811964047856257309e+00
-6.560368069015831693e-01
2.972583366599484300e+00
-1.550319638049752591e+00
3.328348432280201052e+00
3.332730896430227574e+00
1.968143669657194117e+00
2.578977686345514719e+00
2.167152440163686578e-01
3.235767018458801658e-02
-3.204710931018129649e+00
-1.899616151914153228e+00
-2.538248951940147435e-02
-3.460588477002747076e+00
-2.248675838002430538e+00
-9.120423514119480046e-01
-3.788833319570546365e+00
-2.367314785996841309e+00
6.909614056980100116e-01
-8.617012009616509260e-03
2.972325853502717941e+00
2.728988488502989362e+00
-2.679827340336713881e+00
-7.027703225319559266e-01
4.306656385892448924e-01
-1.426809445701710644e+00
-1.984612672975155867e+00
3.797683425086972875e+00
-3.587700316567852710e+00
6.446833574230153019e-01
-9.120668248730599004e-01
-3.531470187073385780e+00
-2.167289849821256276e+00
5.342229897580779152e-01
2.050077803697514689e+00
-3.871193475650230198e+00
1.447317723134244893e+00
-2.632754134381854350e+00
-3.289827889049031562e+00
-2.884887679927492066e+00
-3.569567628078702093e+00
2.727071586998549790e+00
-3.650165682787326560e+00
3.919603752802354180e+00
-1.128569171655275483e+00
2.945360567704304877e+00
-1.994374461017049072e+00
9.533176682599080465e-01
-2.886402751709360004e+00
-2.652388919731162531e+00
-2.146983381799781654e+00
-2.984255205227404062e-01
-1.896683319429954828e+00
-2.750635983930853179e+00
1.513567956943350445e+00
-7.706610157940882999e-01
-2.411569707181655531e-01
2.619851915403259568e+00
3.259685138200344667e+00
8.334752764210371367e-01
2.377331126898761582e+00
-2.490797140177569702e+00
-1.873578558721250786e+00
2.898101632421298035e+00
-3.862001783543875355e+00
-9.840215611026472686e-01
-2.162987275247076013e+00
3.846309596738483272e+00
-4.411281674847220557e-01
-2.359872630280870354e+00
-3.815944049226667190e+00
3.260955913217469693e+00
9.997169307036921637e-01
8.242314526624285875e-01
-2.680912761313356540e-01
-1.262229594689564749e+00
3.900115373997739887e+00
3.568180559523707274e+00
3.917382533367501196e+00
-2.221882882027168549e-01
-3.012073314897238063e+00
6.183052222156417699e-01
2.512123980255396738e+00
3.081653112992421839e-01
-3.571394606540152061e+00
-3.188742770860241826e+00
-3.548054705760967487e+00
4.218437099854170924e-01
-2.765510143687435196e+00
-1.134491112580014338e+00
-8.594069282545220290e-01
1.363421539605631949e+00
8.040320028766307914e-01
1.489946604870499236e+00
-3.746184777272947741e+00
1.922454441496651789e+00
-7.558028924203217258e-01
-1.170661920848099946e+00
3.798668698330949667e+00
1.443846281135607867e+00
