2.173241848923877839e+00
-2.647828450747805817e+00
-3.577245443817070658e+00
1.045043243028620061e+00
2.076203849986244521e-01
-3.416030822292116298e+00
-9.283721755632283745e-01
3.311314637268710115e+00
-2.758819325863495209e+00
-7.879623622652731640e-01
1.320757732674563201e+00
-3.394200800665580608e+00
-1.893912106110167137e+00
-2.931742357973412538e-01
-3.652143828497099953e+00
2.177547595868316144e+00
1.034045789867845677e+00
-3.353239916304624479e+00
1.404667832915957426e+00
-1.786211076345143312e+00
2.337937018446933024e+00
2.016198203132464783e+00
2.232307239038029856e+00
-2.814918697137836823e+00
2.152824443325616954e+00
3.118996253681703301e+00
-1.584447655931549015e+00
-2.823879487806904010e-01
6.244091715165822620e-03
1.201657820379497643e+00
-1.154823985718691048e+00
-3.640703783025999840e+00
1.317864056012551188e+00
-2.202284116202650743e+00
3.770205985056859888e+00
-3.832500364505703416e+00
-6.292196063711257281e-01
3.996016261853840845e+00
1.987101061138176306e+00
2.600478660656471597e+00
-1.772346972428971767e+00
3.149344026514775408e-01
3.656310048389421752e-01
-3.266967413111677487e+00
2.461758229171566725e+00
3.481561872205902297e+00
-1.822596032430036317e+00
-1.384431099870542248e+00
1.723777579323655829e+00
-2.509361650705255187e+00
