3.666060084641066474e+00
4.624969590328753988e+00
2.654870812187177975e+01
4.740188939435389415e+01
3.176948137049879328e+00
5.739152476489412180e+01
3.681177212729818571e+00
5.047504816046499698e+00
1.298412397703463395e+00
2.764438657351192763e+00
5.094956910394069283e+00
1.437925942448738681e+01
4.240295685852608187e+00
2.598391991230700970e+00
1.029134917448255804e+00
8.956650338129634292e+01
3.368492249953481377e+01
3.652928903125631876e+01
1.092351115125912209e+00
8.843814983722403156e+00
6.633939885728096897e+01
4.195405191001832179e+00
3.933705849041504443e+00
2.397325577082134895e+00
1.494634893039741463e+01
3.118841389467187852e+01
1.277768784182271578e+00
2.383317958821398186e+00
1.682587626236781020e+01
3.814197921885138509e+00
3.916211488200617374e+00
1.782718683061335296e+00
5.297032756962018851e+01
5.685335996461833297e+00
5.896774622584064929e+01
1.255884594554531830e+01
5.407873519494409464e+01
1.447904345618392696e+01
2.258487657924865744e+01
1.823430073542350982e+01
2.505898940896684302e+00
2.050823719315010862e+01
7.314034443567501853e+01
9.038285130652688792e+01
2.755704341413420977e+01
4.666020833601892903e+00
3.466110494139112319e+00
1.017074583016329692e+00
1.480577825325466002e+00
1.897691241683243657e+00
