4.429281139503237341e+01
3.745897965390433182e+00
6.289658465322416703e+01
9.766256590616238498e+01
3.657998229620396557e+01
1.421426124566943727e+01
5.257412905112538226e+01
8.543288168425351614e+01
4.362752143272423666e+00
3.378822336099820234e+01
1.162387410431888313e+01
1.380219280232751622e+01
2.393851166467500491e+01
2.558101048377618625e+01
6.484119951088270106e+00
2.645738040596711116e+01
4.434749569426598370e+00
1.105551036389680331e+00
2.421671015409753824e+00
2.107337053373077751e+01
3.513987108268391779e+00
3.175236839121405907e+01
2.201250927763901544e+01
7.443412540885168127e+00
2.100379357457008211e+00
9.173103517965818909e+00
4.077365846364082813e+01
8.788008215860178041e+01
5.932355316138739454e+00
9.740025906712810411e+01
