2.397576504650496432e+00
5.710327549979000850e+01
1.395195437132246319e+01
4.127070152030078276e+01
2.741048393151562124e+01
6.713564991059273623e+00
2.655349574071261376e+00
1.119872586283064742e+00
9.875567219597932933e+01
6.027224668193734658e+01
3.173954492277256900e+00
5.838184938575682992e+00
1.863244579469815809e+00
4.145191320663188961e+00
1.921672640916494856e+01
1.651733085324421202e+00
1.760735231679637991e+01
4.554638769193702075e+01
5.348784055366740375e+01
1.308266866834110864e+01
2.458131169760830126e+00
3.696359848866048026e+01
5.463673544500800006e+01
2.624376085874851938e+00
9.509473850402386574e+00
1.478642451725112661e+00
5.183415730492221485e+00
4.621425504751327296e+00
3.238758936993212245e+01
1.320463195763196929e+00
1.467662792795762616e+00
6.246882948184819639e+01
3.816275642851438832e+00
2.020242697889291250e+01
8.247107886018974909e+01
8.966341703773135663e+00
5.374880917572992445e+01
9.745682955338696729e+01
2.304601471481679376e+00
5.574978326919939065e+01
4.543042272559195460e+00
1.507076240558527402e+01
3.171524433312976843e+00
6.142196257618368627e+00
3.835176639538580901e+00
2.267068662385842259e+01
9.951668053025245797e+01
3.214069788987126230e+01
5.832596592217995202e+00
4.934803983221548407e+01
4.440591908776786312e+01
2.703230165845488475e+00
1.041179795824175303e+00
6.960256472460662280e+01
1.943163008976353190e+00
2.828854697877395452e+01
2.907189870322907055e+01
5.276704932238529544e+00
1.211554212017051713e+00
1.956615961779059987e+01
4.801096673185946884e+01
3.274526040641707159e+00
9.001554321984889384e+01
4.438279201738208890e+00
2.774436302274961719e+01
1.430364467507141857e+00
5.090932795417127465e+01
1.481725993594339208e+00
2.702900589517950536e+00
1.107149721306547763e+00
3.381394760187809823e+00
4.613902992032253181e+00
1.511035547622431308e+00
4.236975284701236077e+00
2.491264649844146639e+00
7.457502671005848072e+01
2.681991402262959401e+00
2.761138067388321460e+00
2.666235598539522744e+00
6.934880444102944352e+00
7.664097898738025094e+01
9.055713352596110610e+01
4.756374640651765162e+01
2.724450932316109242e+00
3.689218422716204770e+01
2.750813041385807178e+00
4.008046570037122613e+00
2.850890338615256425e+00
2.958272061493662619e+01
4.004564824059319506e+01
3.154924640201674890e+01
2.511611407327874801e+00
1.171352956363316267e+00
3.644747262585191550e+00
1.398399495087939748e+01
7.306883667357070955e+00
5.576288067513078595e+00
1.694741397184579723e+00
1.011896796739300086e+01
5.919811615150051409e+01
