-3.753193487967114272e+00
3.060201015135795011e+00
6.895243686824832352e-01
7.417463016605037041e-01
-7.290763811410982953e-02
2.845205523970833816e+00
-3.473583960514177171e+00
2.508814973110235158e+00
-9.043672681606658159e-01
2.155234496781159415e+00
5.462474738863996038e-01
-3.058572732049191778e+00
-1.386870783962915965e+00
-1.700477408143714619e+00
-1.339733354134837739e+00
1.290929917619569878e+00
2.682512520215706076e+00
-2.040710565178912361e+00
2.584823823721738911e+00
-3.715152741087469401e+00
1.639868359721414315e+00
7.217319018155290422e-01
-5.927495188240747837e-01
3.590868486007880556e+00
3.511220276578860044e+00
-2.873394040145161199e+00
1.020447006312577010e+00
-3.802791278423694799e+00
6.685189691092343622e-01
2.441378789379383463e+00
