-3.870060363329664632e+00
-1.114646575003143347e+00
3.099722672691208381e+00
-3.728434694501126856e+00
-1.806706284150550346e+00
1.302860381522579658e+00
6.663389480808676879e-01
2.878054726633373583e+00
-7.902132061464683943e-02
-1.388022636858977421e+00
1.090979029452818772e+00
2.079007531377685680e-01
-7.059355462002452342e-01
-3.375287764425279669e+00
2.767163667512813063e+00
1.442569912996151338e+00
-2.795430604485183324e+00
-1.767189455891466032e+00
1.636548596710427184e+00
-2.912059940246827239e+00
-4.193639239433215593e-01
-3.561804036384277339e-01
3.089498253802329231e+00
-2.792374161419911793e+00
2.392755364410279917e+00
2.569133438947568848e+00
-1.652092768792023492e+00
-1.317222068264444879e+00
8.941486919485122087e-01
9.181176877467187580e-01
-2.031535010321462664e+00
-3.539585170619412580e-01
1.946583801162785399e+00
-2.666457963445303392e-01
1.714201823851314366e+00
3.853253906290894371e+00
3.196719932506101536e+00
2.473260503441349734e+00
-9.098384939457861975e-01
-1.663590458604282674e+00
3.091421789071135962e-01
1.197091441415242485e+00
3.787904331640140398e+00
-2.610993207945837113e+00
1.775042745645815323e+00
3.814356958738892800e+00
1.494666434089685580e+00
3.757944357800797164e+00
4.900215319604317443e-01
5.825380854250452600e-01
8.461946161171249869e-01
1.288153924493210312e+00
3.928369311649073659e+00
3.886615873659138742e+00
3.206014335918254687e+00
1.579411943695063769e-01
-5.855722936723486427e-01
-3.092193609363046214e+00
3.834044581817184216e+00
-2.319023927458434109e+00
3.887733706901492781e-01
1.458352275688993949e+00
1.914350156626983157e+00
-3.982540479905093633e+00
-1.025440395675925487e+00
-3.827526730456495940e+00
3.513706218864340869e-01
-2.541086524822651072e+00
-2.103554011518432354e+00
-3.940056730314788425e+00
-3.782780980840504625e+00
9.988907900156833719e-01
-5.882357855232909216e-01
9.374103367956347910e-01
1.001956233469807778e+00
-1.697272713997575622e+00
1.793348439589905752e+00
-1.834167803907138961e+00
-2.688722381897009406e+00
3.906420541131995883e+00
-1.164222019616089732e+00
3.827654857181189030e+00
-4.740093446804785060e-01
1.335880432268504947e+00
3.152268774245045257e+00
-2.101718353257843397e+00
2.295083987154823646e+00
2.615093980805766272e+00
3.758673537007592991e+00
1.511910415614806880e+00
3.763065279059933488e+00
1.178170618157329486e+00
3.016293095677596625e+00
2.142468933981751533e+00
2.707875878884867582e+00
-1.758458176190492495e+00
2.729932721585017319e+00
-3.570874496059136760e+00
-3.473165548572652916e+00
3.526611822723284106e+00
