1.904592530674396045e+00
-3.387451927603907897e+00
-2.650421388887439278e+00
3.138737261852656779e+00
6.819355440312326877e-01
2.590581055601294480e+00
3.827350606299377844e-01
3.540071567866160507e+00
-3.527109510760118027e-01
-1.920264714166411757e+00
7.770515592051721043e-01
3.168437646768085258e+00
-5.910823895724375276e-01
-2.723857354596242786e+00
-2.046566508984826172e-01
1.630538804169116673e+00
3.452994419595499132e+00
2.940283940896589066e+00
8.728444636791854450e-01
-3.905950729872510685e+00
-3.255887860437248982e+00
-3.311140761260018550e+00
7.486400850045349387e-02
-2.767420261993096986e+00
-4.370395316270254682e-01
-6.400354163196260160e-01
-1.237497747653282687e+00
-2.504192477235832825e+00
3.249314265861144690e+00
2.571403235096605400e+00
2.361875455583410499e+00
1.261394154807193857e+00
-1.251551235184751754e+00
-3.325508165363245894e+00
-3.695411758608099007e+00
-1.390956304576107527e+00
-2.225414528467268838e-01
-3.230360637824720271e+00
-1.315875281850205525e+00
-1.634415121250533787e+00
3.898866155608771145e+00
1.119181339353474414e+00
-2.457466075254126636e+00
5.632322983312896270e-01
-1.451777564036111912e-01
-3.389043227675731629e+00
3.460620820227191530e-01
-9.136278183122836793e-02
1.204208106644291121e-01
2.867738062866773241e+00
