2.893254055826204763e+00
3.186722765480819675e+00
3.797175293621874559e+00
-3.664719394424370336e+00
-1.856354158883097405e+00
2.150370054910950124e+00
7.350358867326667323e-01
-1.898801473724640587e+00
-8.830159267597714745e-01
-2.928390621854279452e+00
3.146591236189662411e+00
-2.387282679546315123e+00
-2.880648697644304868e+00
3.013771659111448287e+00
-1.982576246371801965e+00
3.452006021777114242e-01
3.573753455501625709e+00
3.703726659775926855e+00
2.634664920196829740e-01
2.173663840687236615e-01
-8.597038654180151340e-01
-2.649336914939812715e+00
1.380773597405196007e+00
1.813865688931937115e-01
3.542255561953949972e+00
-3.799632164232508380e+00
1.522487954423497492e+00
-2.465694196756981427e+00
1.410511297250993223e+00
3.264733533111903618e+00
