6.813071166509496379e+01
2.101852460692600122e+00
1.456909502126278610e+01
1.637482351920409807e+00
8.849980136157181931e+00
5.026620604980837292e+00
9.347631954185838765e+01
8.706556792496463970e+01
4.809341051794263855e+00
1.190257450367335679e+01
4.596267562741178381e+01
4.261315380338638903e+01
7.917876219200141463e+01
5.914478221151047599e+00
2.010387065417035402e+01
4.917577562729972485e+00
3.606377034387949010e+01
1.750904770438316760e+01
4.983517227216498213e+01
5.258892991115189375e+01
9.893709867208999142e+00
5.382231037342209135e+01
4.255696861251923480e+00
3.005964732186924948e+01
3.890442691436346578e+00
3.623414546438780359e+00
1.600102375897102291e+01
8.959344979980720325e+01
2.835917501555128695e+01
1.155236847520498378e+00
