-1.700035906188601231e+00
1.217539717552466705e+00
1.834708069597534852e+00
7.310353360849486393e-01
3.484106191887553550e+00
-8.590867138433999628e-01
1.685525092399797309e+00
-2.041997788416148651e+00
-3.037121630410080542e+00
2.817837495187217378e+00
-1.080831450421382733e+00
-2.150028269519203228e+00
1.650080183551476232e+00
1.047836120507403379e+00
1.980592573804059953e+00
2.415429440869765187e-02
-2.606321015095148574e+00
1.442046631690892866e+00
3.291442917930005763e+00
-1.338375626146472541e+00
-1.848794615929063134e+00
-2.312585922955895157e+00
1.636564556182908525e+00
-3.833032559971193187e+00
3.566622272133355587e+00
3.904497689378904290e+00
-2.484848186850491025e+00
8.296661319528340073e-01
-1.505894956931840056e+00
3.970635915483017087e+00
2.695501599204503052e+00
2.511865438156455355e-01
2.893082756362930219e+00
-8.379841906681635422e-01
3.584145362651989686e+00
4.101628012495863729e-01
-1.777224107482946458e+00
1.406880261494927176e+00
1.417767687653119779e+00
2.779607223534934946e+00
2.472585350534264315e+00
8.438869725997966142e-01
-3.789636674450441944e+00
3.153466315105498019e+00
4.425785981176222350e-02
-1.028943862730563374e+00
-1.830256802489359735e+00
-2.727498287397057020e+00
-3.392603077290566205e+00
-3.880159713809362643e+00
