-3.770282311226798022e+00
-3.003299895328963132e+00
-3.209729843982165320e+00
-1.498136604616161272e+00
-3.894330745363610902e+00
1.014337598800343798e+00
7.362982247840976768e-01
-2.736984916623439901e+00
9.287165123353435803e-01
2.874983527208141432e+00
1.801998952640469831e+00
-1.791661050825324786e+00
2.289121215054324310e+00
1.758871233096498621e+00
2.916337302721014879e-01
-7.756215865961149092e-01
-1.405205388298966795e+00
-2.328729372508241191e+00
-8.192086390094406312e-01
2.264552414900819599e+00
3.096276443672800305e+00
-3.937397677657235917e+00
2.311861867043845997e+00
2.183811105707159861e+00
2.364182576791349355e+00
1.497845070330082073e+00
3.475325405748099783e+00
3.087576805323008600e+00
2.556896988096961643e+00
-5.235110359272585612e-01
-1.856086453469055542e+00
6.265485463636775165e-01
1.979376821288746591e+00
3.542329063165925440e+00
1.224778839814760545e+00
3.729048251175434814e+00
3.867332711243476773e+00
-1.714613161185342349e+00
-4.925201758890578319e-01
-5.761460028537745970e-01
1.008276226407502030e+00
1.488549524173676808e+00
2.215650074002995851e+00
-3.862545853119629946e+00
-1.960258026509515972e+00
2.477550007878392968e+00
2.171921502179731789e+00
-1.974712700248103303e+00
-3.085249064398601249e+00
-6.764996971744201559e-01
3.731394432972547470e+00
-3.172236640168225819e+00
-1.481877990172230319e+00
-3.304071937153828742e+00
-7.964114989756589935e-01
7.244351700071902656e-01
2.977344376608515475e+00
2.665642090961989119e+00
-2.188587354197471413e+00
-3.581493656161289785e+00
-1.270978972638692639e+00
2.671973255162082062e+00
1.553427688825737008e+00
5.715144154829721046e-01
3.693544304242063703e+00
-2.030040275159768370e+00
5.239010832954020813e-01
6.741523661676716017e-01
1.405174162295794282e+00
-2.570923902327044708e+00
-2.699407050935061392e+00
1.853106274949363197e+00
-2.062624817089362850e+00
-2.816565294033181566e+00
-1.760535598495414078e-01
-1.170401719391562345e+00
-2.083372201068289797e-02
1.290646823915085228e+00
-8.742687351481226443e-01
-1.343458102210537852e+00
1.566545991080845468e+00
-2.010460151228745218e+00
-2.340556792600316349e+00
2.467600220334225547e+00
-2.976597797105178245e+00
1.989190799691420430e+00
-7.248909859741194950e-01
1.221446065983952778e+00
3.189625960302545415e+00
1.910560413964707216e+00
-3.257077852661325323e-01
2.106252366215163541e+00
-6.603171017586184632e-02
-3.049068316440601834e-01
3.215977337771267486e+00
2.614195584084526125e+00
-4.521013152107178357e-01
-3.786298655557720494e-01
-3.530174345190647323e+00
2.120066919560031238e+00
