4.122355655417370812e+00
2.647593035111482695e+00
2.146098742738937748e+00
5.245839909779986598e+00
2.070300122537035747e+01
2.471899557191578012e+01
2.148522099687752984e+00
1.968497778153512101e+01
7.901615190636771757e+00
1.916062307664614384e+00
1.817998855642139144e+00
1.507861855781034421e+01
4.265293200646734562e+00
7.786780859321234516e+01
7.249572905145567070e+00
4.061936154005805832e+01
1.573627688214084275e+00
4.559612319330502039e+00
2.567273093239607462e+01
2.705624906196432988e+01
2.236393980332423226e+01
9.153163382970953421e+01
4.333072768198351632e+00
6.462474089285068146e+01
9.852878225818589186e+00
1.752552476630065303e+00
2.903351426915949496e+00
3.276432239440047578e+00
3.676853976835344184e+01
1.066788527751499949e+01
1.226450965041538588e+01
6.387571156805072370e+00
1.663133263124177974e+00
1.072633899837212246e+00
3.059358809372480614e+00
3.721748370598150046e+01
6.841515189594065305e+01
3.022817256007337505e+01
8.946865881834140666e+00
1.644238264123016080e+01
1.881927520703315704e+00
1.018988731194994779e+00
4.131886934253518717e+00
4.374141286811332741e+00
4.022739345839693392e+00
5.555498173771602488e+00
1.556949241325881417e+00
9.972728334514863846e+00
9.645902730866389163e+00
1.626514112815057800e+01
