4.236577910166223759e-01
1.969331788650842796e+00
-3.143094078490860532e+00
-3.714997250560496234e+00
2.206979470129403431e+00
1.751179690364272901e-01
1.869353389231605433e+00
2.120572757215057891e-01
-1.823135040126835804e+00
-1.788569225488357617e+00
7.124781891335540962e-02
3.525948240630749630e+00
2.649805437340388536e+00
-1.698108190688515151e+00
2.563598190546997557e+00
3.558506918637678318e+00
6.706795124704276745e-01
3.433870963397978038e+00
-2.981575148395850583e+00
-7.041538060122585208e-01
3.840953747626642212e+00
-1.070899705873850749e+00
-3.123165492529066611e+00
9.474750829374150030e-01
-3.062942304064844024e+00
3.379780705807064578e+00
-2.445901302856772652e+00
8.943438911769421296e-01
1.391932038757572876e+00
-2.858160129304252450e-01
