2.418665766603337097e+00
8.220719800036935254e-02
7.693618744576351531e-01
-2.706482907519681902e+00
4.077698175573019057e-01
-2.717515388065153026e+00
2.743704151884646336e+00
-2.100581764634879889e+00
2.290905449637348212e+00
-3.757704830135670804e-01
1.471821525985753887e+00
-1.464511546488393989e+00
-2.767997892631075096e+00
-1.300263211429742327e+00
1.372997136517383865e+00
-3.522556437650609773e+00
1.310144199662638620e+00
-2.681059310183820266e+00
1.621796189486016893e+00
1.007966574889271882e+00
1.743972202268899707e-01
7.224632362011806919e-01
2.761576242862169295e-01
-8.988145302027721328e-01
-9.826611814375523224e-01
-1.615877174169153996e+00
-3.754745182473386400e+00
-2.504876003297430209e+00
-3.807393244579456493e+00
5.019876081520973088e-01
1.916585153750788528e+00
-1.791738101560317986e+00
-2.962410113036898274e+00
-3.021547020032770092e+00
-1.893673220414084923e-01
9.395272899902566976e-01
-3.322614594104653207e+00
-2.603302206656779028e+00
1.570573808126348503e+00
2.013264002623060378e+00
2.940349009939138725e+00
7.869345530872369210e-01
2.824663056460355648e+00
-7.556317793779809833e-01
-6.213635262935754966e-01
-6.712983040918736322e-01
-2.442813209830781318e+00
1.660180347488095620e+00
9.170188627816830973e-01
2.262719673650775754e+00
-1.798283418217596186e+00
-1.102847669305788258e+00
-3.829480012557711532e+00
-2.359081876315137549e+00
2.798717076066026266e+00
-3.535863352215347533e+00
-3.164743316653297001e+00
-1.988931179047657594e+00
3.817637428088938023e+00
2.156717001560926938e+00
-4.868292385345815987e-01
-3.700575296916888135e+00
-1.196781919948817219e-01
3.533123715953295552e+00
3.652290810464689841e+00
3.683239630045296309e+00
-4.454852788021899102e-01
3.128550019489440004e-01
-2.180879150070267336e+00
9.418762416294326201e-01
2.023560726793379949e+00
2.206689184155930405e+00
1.063881189939927197e+00
9.492421091441300973e-01
-2.521898915197640534e+00
1.650298808781262672e+00
-1.424827810547247608e+00
2.724904244559991362e+00
1.103089124193621373e+00
1.367217983092333888e+00
2.488365923219779674e+00
-3.389869967305467746e+00
3.382398321074473024e+00
5.072574612402069860e-01
-9.716830542642007629e-01
2.281683048810202230e+00
-8.477006643372764216e-01
5.601679022466710123e-01
-1.355492980652395651e+00
-2.322349681381068010e+00
1.019083664835404690e+00
-2.899479320749665412e+00
-7.764584736784598817e-01
-2.918237929953185095e+00
-3.930763050630011080e+00
-3.635001346616498985e+00
-2.231726444121318487e+00
3.923398515324826974e+00
-1.999922434342981781e+00
5.120922997467030058e-01
