2.029956557889702751e+00
3.333336985512569850e+00
4.222183896435605988e+00
1.939112345802674753e+01
6.339942367257301470e+01
1.880371175850416243e+00
4.977033514656684865e+00
4.072012937581281911e+00
5.622596457167803763e+00
2.986555518016452915e+00
4.894236155501793029e+00
2.776398101150218523e+01
6.512501811158278997e+01
2.439376909570347252e+00
1.482583075767493819e+00
2.772145070832086056e+00
1.082675760363156048e+00
3.543436543587196752e+01
4.725721438297303933e+01
3.259193449659402830e+00
1.443126188916344788e+01
4.357811885655224415e+01
1.058680621589382653e+01
1.060516485819136490e+00
5.945198761729713510e+00
3.855872890520794272e+01
1.362894372003274235e+00
3.307137193306390088e+01
7.755193118591536461e+01
4.268731342340770141e+01
1.891757570423417079e+01
5.830208974168121117e+00
3.148271583024159170e+01
1.285281547092520960e+01
1.827352949988726749e+01
4.766210416260779681e+00
9.449888391257313458e+01
1.548908589508178446e+00
2.207585774963908420e+01
4.715632162153047702e+00
7.677620793670090649e+00
2.427631568225374181e+01
6.808203155045475796e+00
7.663784711540917449e+00
2.221731330571555674e+01
3.081982601327292404e+00
8.397917768481271139e+01
5.726684458344153228e+01
1.263364061907396696e+00
1.736581823461592222e+01
3.699386466035063137e+01
5.694511646424616913e+01
1.854595233782024621e+01
2.560613628580434309e+01
5.671579111762340375e+01
8.152564888543428978e+00
9.930789005412473003e+00
7.942681458052281585e+01
4.345769876844483903e+00
2.878712461146522728e+01
4.286885399342463643e+01
1.096009113062019047e+01
3.583269089328171475e+01
3.721707894285243867e+01
4.165103640972584031e+01
3.772729498869880072e+00
9.953303387841081928e+01
9.851855805186575665e+00
9.792771378549270267e+00
1.508039223456091804e+01
5.359334573926125955e+01
7.174829545931958208e+00
1.684516801258052254e+01
1.677330677841152307e+00
8.453158178658601685e+01
1.809948609659304353e+01
4.562086679471189399e+00
2.751459165414288144e+00
4.498660669130170930e+00
1.711096794896263518e+01
2.560448424055615035e+01
2.093188117985189223e+01
2.522616969740398929e+01
3.591422886282522153e+00
4.029924352872127713e+01
4.369145341089576107e+01
7.348468719843045172e+00
4.965081662164386955e+00
2.695653611868405797e+00
1.360719520888553857e+00
3.123914059432857115e+01
5.538154989589130217e+00
1.209028300223254604e+01
2.618980490206782363e+00
3.621642466157485529e+01
5.752126869361823935e+00
6.089016166876348279e+01
4.547987672500850564e+00
1.916310640726616299e+01
1.308227667776324266e+00
