1.338410316426767777e+00
5.113460942859950364e+01
5.317254433579971185e+00
2.853286891357937005e+00
3.566218880421105020e+00
1.142583335063385164e+00
1.885424512833218103e+01
8.192688424403029046e+01
7.111819349108581889e+01
3.472460758595201646e+00
9.314658787850500232e+01
2.530467884361346975e+01
8.831422750719903902e+00
9.453095124308877217e+00
5.371170419916365901e+00
2.508802475091085427e+01
4.818140475852538351e+00
4.603138312289481604e+01
1.919558504710513036e+00
3.444250143914606710e+00
1.692734255850276481e+00
9.061638413566756256e+00
1.066581292221655630e+01
2.038963843024820477e+00
1.924700988402939572e+00
9.194110804054282937e+00
1.501416305287990971e+00
1.771306125338980575e+00
8.797460522658734305e+01
1.374201280856856044e+01
3.671861788144308747e+00
5.922519776418334914e+01
9.060012431783657405e+01
1.675004442838768259e+00
2.673551223604407667e+00
2.911789045621045791e+00
5.691174813848996372e+00
1.091668653711304726e+00
4.309977396659731674e+00
1.603733944203225459e+00
9.902284735669750759e+00
1.035370076285385466e+00
7.460983366418902918e+00
2.262367356168513055e+01
1.874322550979749424e+00
1.451868743834354936e+00
8.352932947811305908e+00
3.390776012135497552e+01
2.694276520837030287e+00
7.216748431553156706e+00
