4.299078852596259992e+01
1.667172550551995869e+01
2.605258510011253303e+00
7.021021001704366604e+00
1.469786098479114678e+01
6.280682689322966361e+00
6.319702781578907747e+01
7.111697089240971437e+00
1.146975144398195923e+01
4.509769631321427852e+01
4.316220034797918004e+01
1.251218844570448852e+01
5.635650597720016641e+00
1.955937272883682354e+01
1.652054176427086674e+01
9.126000507687132668e+00
9.345375845800784731e+00
1.574951815413603562e+01
3.642132937718982166e+00
1.087891621523735974e+00
4.882157644480898995e+01
2.439200930417217350e+01
2.731803054696902766e+00
4.191120994015039258e+01
8.290619037291907034e+01
4.827167518777853772e+00
6.656844284583237936e+01
2.823946225157747492e+01
1.439087427444097678e+01
1.111173400573865377e+00
