9.387163897099151200e+01
6.289119049554112273e+00
4.690567590936673525e+00
3.126625985182372958e+01
2.809856371971586952e+01
1.236822082912667264e+00
2.918370717013131443e+00
1.841569660028728794e+00
6.509688527333487684e+01
5.776339648672743721e+01
1.502428569244488799e+01
9.955727605749420661e+01
2.602210202111764659e+01
1.689913066467065850e+00
1.244556244361822994e+00
4.084394434595129297e+01
6.072764067556715162e+00
4.515409219829894027e+01
4.318942106069384224e+00
1.548197941774211017e+01
1.144349762890634503e+00
2.580846507954976499e+00
6.733305640831540018e+01
6.353950620530832794e+01
8.900112433216374797e+00
7.995088021504388465e+00
3.202605752425664321e+01
9.226518750516099487e+00
9.849600465871525046e+01
3.123341576656719099e+01
