4.067827507421903910e+00
2.178969605747907679e+01
3.739428860013285316e+01
2.247852783882502870e+00
1.420772063900479942e+00
8.120547078658741924e+00
1.333058037989771627e+01
3.397128468201996654e+00
7.195703047930560814e+00
3.501447189804309357e+00
7.789950766639460511e+00
3.044618164272543392e+00
5.480752135925018820e+01
2.788820452667728489e+00
1.836345215460360558e+00
1.309187487349272594e+00
1.827969919508781738e+00
1.938442273912595226e+01
3.758926408283429943e+00
2.022858094764191250e+01
5.822381348860314887e+01
2.156735241210139709e+00
7.444920998138583457e+01
1.842566429703905717e+00
9.655828776172306505e+00
5.418977573852230556e+00
4.285574667577188990e+01
2.767695438379755757e+01
4.798132294398159914e+00
6.213647287261254704e+00
9.405711839548652620e+01
9.064235971303590489e+00
7.757625995003294861e+01
8.405996722586199610e+01
1.646000052873199948e+01
2.042574971267669071e+00
3.615613243997904647e+01
1.075975315849435532e+01
6.886581484700103317e+01
2.526770766090275799e+01
2.539901375745884593e+01
4.691802207262872670e+00
2.509315562149339129e+01
2.742106752575634943e+01
1.553521681994107695e+01
8.845846093446224856e+00
1.915719276527367398e+01
2.161910222929909420e+00
9.813789384810668537e+01
6.340274940903587009e+01
3.015924886665728444e+00
1.153287282734987329e+01
1.899386969553230164e+00
5.846124658517999251e+01
2.405048359585047635e+01
2.005593203981604677e+00
2.792493657696200060e+01
8.248815042475872161e+00
2.481587497833673162e+00
7.027526866871244060e+00
6.823479143303956107e+01
1.535624994265263998e+00
8.051950112583861952e+00
8.328717139178856144e+01
2.375019086398813428e+01
6.526937815001102194e+01
1.011215345887801265e+00
3.588076945706463405e+00
1.392699979510194641e+00
1.641162222258446945e+01
2.041095522880555180e+00
5.339310414838012520e+01
4.420369511636351234e+01
4.168557580410494268e+01
1.428728681998080008e+00
1.066863717972249148e+01
2.582478649855826802e+01
2.247524213310727603e+01
3.033462582473315905e+00
2.598014443189525124e+01
1.335769862518450424e+00
7.025375137611533205e+01
3.914843010204143781e+01
2.791455158939338155e+00
3.108675463001546291e+00
3.355100810588056248e+01
1.099219318771007980e+00
1.306566227748092945e+00
6.500418666226066122e+00
2.526259915643880660e+01
7.750654436811944947e+01
2.150049827537152325e+01
1.000366881002088881e+01
1.013386975663790768e+00
4.315303064024084811e+00
1.544942027139773977e+01
1.043438124105016840e+01
7.968742444127147273e+00
3.848383069873060336e+00
5.099227961554257860e+01
