2.726049816660002456e+00
-2.888972365633513562e+00
-7.930854042200303766e-01
-3.230777835122653485e+00
3.444526578276011719e+00
-1.557308154042723380e+00
-3.902920302883146064e-01
-2.649715162154373083e+00
3.399018768864614515e-01
3.854640827970539085e+00
3.830234836945238364e+00
-2.807200915680341247e+00
-3.556927155510949845e+00
-1.154953192957523633e+00
2.637967862655509421e+00
3.680979686715247112e+00
-3.448815267147828934e+00
1.621913144278549268e+00
-2.046727616070523226e+00
1.292386453088643528e+00
2.156246935837534018e+00
-6.441484062192825988e-01
-3.306750676660961119e-01
1.347631988941200731e+00
-3.275363100757019197e+00
-1.281335699787399030e+00
-2.565250095214099524e+00
-1.898523843300183422e+00
1.625007387176218288e-01
-3.961057662338477670e+00
2.553642004014778699e+00
-3.597534925590393229e+00
3.517729171815013878e+00
1.613763336426849548e+00
3.059270808332239078e+00
-2.547748630229407674e+00
1.944341452675658388e+00
3.878227888641615273e+00
4.191302839484594145e-01
2.857091163383487675e+00
-2.031022937087034741e+00
-9.881868864936134145e-01
3.759518522997538525e+00
-1.516532476485881631e+00
3.426838501904188483e+00
1.528620260745312542e+00
-3.148169272473418268e+00
-3.454942609812805543e-01
6.914903658393711794e-02
3.535457112279978276e+00
3.447410138562265303e+00
-2.970016073321704475e+00
-3.767786860140043714e+00
8.997026000723638006e-01
-3.264026441880988116e+00
1.976149164655957691e+00
-3.159982490296690649e+00
3.217695369007543604e+00
-1.079118697888743483e+00
-1.739304908967648444e+00
6.668048364059941946e-02
-1.218934867243710585e+00
-8.367367166930845812e-01
-2.359944027480834983e+00
-3.624735942654565335e+00
-3.155941431631282157e+00
6.939133026667150261e-01
-3.160705637928444389e+00
5.240725664435341713e-01
-4.785164065820817214e-01
-2.096790850878801571e+00
-2.539878308461856804e+00
-1.019091951087081505e+00
-4.371654098900252805e-01
-3.847845133989609145e+00
-3.430972999324140460e+00
3.071813561838577122e+00
1.632730862670630501e+00
3.730080265931355221e+00
3.287107546859473040e+00
-9.192040575646149847e-01
-1.502930912188685575e+00
-6.689960694270258301e-02
2.736048983927791056e+00
1.443629270398934850e+00
-1.013055201493993529e+00
1.664672452589170959e+00
-1.881951995621311546e+00
7.508877711466608318e-01
2.157255640462872215e+00
-1.966801636558859201e-01
2.696509798595034368e+00
-1.173435953423858535e+00
-7.214409166939166340e-01
-2.453142576378868789e+00
3.450193129024472505e+00
1.080641980538858959e-01
2.882422081345011655e+00
-3.422347921334576881e+00
-2.664564014893233690e+00
