-2.073978429556354364e+00
1.031749708520621311e+00
-1.869230917189910635e+00
-1.645180019115030312e+00
-1.977852401646282843e-01
1.774582117204769105e+00
-1.493151659324476910e+00
-3.009606645226066135e-01
1.495461118713802939e+00
-5.019810207502892752e-01
5.599245083429886805e-01
-2.108456401964213356e+00
-2.571308495513408232e+00
-1.587144107508192903e+00
-9.761949066788577767e-02
1.795707224061502849e+00
3.176102409274924376e+00
4.845905151248430798e-01
1.353165460558455990e+00
2.033567983687196268e+00
-3.575202532533612754e+00
2.819479532718757397e+00
-3.013224980951926923e+00
2.297007674302090408e+00
8.388215393024864852e-01
-3.233644160893470954e+00
1.523648832630379424e+00
-1.978029688104956385e+00
-3.725133419538138924e+00
7.448255167199420157e-01
