-2.430027924008052231e+00
3.446577599453218177e+00
-2.870477601184884264e-01
2.803471776487278078e+00
-2.812060411276781302e+00
-9.187964120589153794e-01
1.740154629138126019e+00
-2.660805382167457545e+00
1.523969958959116688e+00
9.273995556392033990e-01
-9.923794798012863794e-03
2.182151147911587152e+00
7.466568401355715423e-01
-3.210876627089032986e+00
-1.735566622880073240e+00
-2.615319989642803655e+00
5.089133586089982231e-01
-3.164871361351304202e+00
-8.076322563253430786e-01
-1.228557338309254732e+00
2.299723612240125448e-01
3.537256753075762816e+00
2.161813088735488719e+00
2.128897977384307083e+00
-3.794410861309899019e+00
2.352707219197450073e+00
3.216604845650967270e+00
-1.622922146492585149e+00
2.074347871550345168e+00
2.197330893561091791e+00
2.697294650778523817e+00
-2.657863179583538127e+00
1.647428812021249911e-01
3.660762787112679106e-01
-2.150460405913519502e+00
3.981901426832447299e+00
-3.788113386459574627e+00
-1.429428853902168228e+00
8.850892056864623214e-03
1.601495279028156915e+00
2.619572502835100458e+00
-1.458211628676509442e+00
-3.097968073551664148e+00
-4.921492829519733547e-01
1.609021485176660882e+00
-1.397419633462115840e-01
2.469636168828257539e+00
1.058196874885906524e+00
3.878282804231940162e+00
-1.168614923500318703e+00
