2.403129237075089186e+00
3.088872945436390793e+01
3.128305687664521439e+00
2.414967977970095703e+01
9.286148263400724190e+00
3.837283987912111449e+00
6.233823511086125535e+00
6.099138261359605906e+00
9.193266650848176624e+00
3.446039735481712274e+00
2.516135973950517801e+00
2.565326828458476260e+00
2.253711024006544772e+00
2.072856581815886301e+01
1.885926684390695129e+01
1.741255386192258570e+01
4.283698529243141095e+00
3.533411972801790757e+00
7.774210688396389912e+01
1.761161074054823672e+01
6.593699493810902368e+00
9.488196727970618838e+01
1.050550788328298957e+01
1.595558196683023899e+00
9.081455785913142620e+01
9.938633384206717380e+01
1.884762728634191031e+00
1.119776192270421156e+01
8.718249498356456684e+01
2.560705202021906768e+00
4.146580671074436708e+01
1.985844816489023001e+00
7.755898299025654197e+00
2.419928762608894601e+01
1.339544613211131718e+00
8.981599203464163850e+00
3.682788664149510005e+00
7.391517863829939472e+01
8.860701128632660684e+00
1.414861528856783757e+01
2.451458811556114625e+01
4.874924521864279114e+01
7.018024719477327267e+01
1.210127867312738914e+00
2.714008857282952381e+00
2.993632343739037971e+00
3.377731432292619740e+00
2.021080436475365616e+01
5.096189102434797036e+01
5.741484022495863115e+01
