9.441681322038268931e+00
7.844105135452801392e+01
2.144510423352742379e+01
3.481807103669140702e+01
1.625187545796276556e+00
4.857013185623766383e+00
6.388280829798858917e+00
9.094385373204619327e+01
2.703405476715705191e+01
4.749466122875815444e+01
2.066222511986145705e+00
1.163482057773913070e+01
2.326488310491157563e+01
1.251988729320963056e+00
1.027455652653730400e+00
8.819308607497055164e+01
3.476634312257050397e+01
4.497709673223109661e+00
2.318379771195645134e+01
3.631531808925672067e+00
1.323659097096722137e+00
2.324154518308963802e+01
1.091121148085417936e+01
3.761559320290727815e+00
1.111691405205005267e+01
6.132192485054929421e+01
5.102684712749643303e+00
9.652123929012803671e+01
1.845346490045495003e+01
5.807839927125655777e+00
2.554679387083381670e+01
1.279296280979820644e+01
1.563426457864685482e+01
4.512792825144184405e+01
3.917740668325420561e+00
2.029739012946536025e+00
1.449302583887450924e+00
1.954840229857038025e+01
2.702554817639422069e+00
1.896118469147615926e+01
2.480328575410100544e+00
9.281357516582886547e+01
2.126493540269765248e+01
4.056091742834578184e+01
2.265099022557940600e+00
9.594481296677704663e+00
1.122769950243026171e+00
1.459504619770694589e+01
3.247660705030389039e+01
2.119217789759062853e+01
2.703943370727290230e+01
1.573079684588616134e+00
4.160787166518533198e+00
3.124253489689333563e+01
1.986606430269443635e+01
1.966761700016500214e+01
7.397321894251290075e+01
1.183143578225241077e+00
3.014642259467755636e+01
5.221288923868031873e+01
2.783246117678991638e+01
2.319180659273255340e+00
7.842835816397787596e+01
1.119498721656488227e+00
7.052506113964700774e+01
4.083382400850280369e+00
5.777089188450657531e+01
1.976360140265692067e+01
2.738328971901017539e+00
7.614595960248471407e+00
1.846939592032653366e+01
1.498875621308219719e+00
2.873173261461459305e+01
2.603560007293956868e+00
5.705301081500437910e+00
2.664386283648280340e+00
2.145485110217740399e+01
2.439302968124349658e+00
4.699214167858735358e+00
2.797013886855789266e+01
9.968463345889734484e+00
7.410918806295117456e+00
3.784931962271677008e+01
9.303317766970371494e+00
5.916615328353349668e+01
3.080126435700422149e+01
3.569154230089233693e+01
1.260374715028468540e+00
1.202496049681183088e+01
6.257946996230870695e+01
1.121284939654311197e+00
9.818882009923033394e+00
9.960291306275247791e+01
5.385944049932630406e+01
5.101204219695765119e+01
4.836030676243745496e+00
5.135765934333370808e+00
2.923428740695647576e+01
1.671809163406698318e+01
1.416095754490998360e+01
