3.406561614097048718e+00
-3.144620930431416106e+00
-3.752727348664380180e+00
-1.087856886705769632e+00
-1.080959342356025310e+00
3.777335855981069912e+00
-2.007778124377257001e+00
3.304215063859603063e+00
3.532318099829779179e+00
-1.918643626637936528e+00
3.751837412927161886e+00
2.952383649388056419e+00
-1.170242120485313286e+00
-2.067492369500993910e+00
2.947588811985111690e+00
1.489728857638699111e+00
-1.897168542911871647e+00
-3.443931025793353307e+00
-3.997571730911475107e+00
1.668888828330464591e+00
8.773727668041431116e-01
-3.203728382927214291e+00
-2.127404090235958556e+00
-3.264975636769553269e+00
-2.256230947153261113e+00
2.489951857513775124e+00
-3.556188004698211280e+00
1.323786675891579279e+00
2.493869375516331033e-01
3.563680138714301115e+00
1.312124360008457558e-01
2.068490892397252701e+00
3.256623948599491669e+00
7.363203056361316001e-01
3.276063078321857169e+00
2.256569461956274836e-01
-2.829983079072338370e+00
-2.273947947317741303e+00
-9.657526313282120967e-01
-3.773165676712169514e+00
-5.595032244708786351e-01
2.201876958850752963e+00
-1.254580421206044072e+00
-2.134023422516486690e+00
-3.554977058375914822e+00
3.604582679058947470e+00
-3.300702858478438806e+00
-2.743078357867443806e+00
3.665025056683400173e+00
3.229213576962346011e+00
