3.775386582879820097e+00
3.818903925706599978e+00
-3.079436618859268116e+00
7.376578524175210205e-01
1.363760392624602247e+00
2.034937698784594851e+00
3.868509600473486465e+00
1.285769041110271793e+00
-8.625768994505964571e-01
3.719733821825198739e+00
2.901899190793894689e+00
3.652633045987122351e+00
-2.571144069529094800e+00
-1.288553159933519154e+00
-1.419212578637154998e+00
5.928618463953991835e-01
1.109335790059277294e+00
-2.401367411901961013e+00
-1.238947298522720786e+00
3.247115016757658346e+00
8.017999810895481971e-01
2.860891602239065357e+00
-2.540870392378903553e+00
-6.987808769162162648e-01
1.049029526552692992e+00
1.581364625252271061e+00
1.965807386895543019e+00
-9.742514973566427372e-01
3.710728827297148591e+00
3.453445710221386911e+00
