1.995352871368004877e+00
1.906061944978636014e+00
3.225500135233423826e+00
-1.732569267295732907e+00
1.232287388864558686e+00
-3.761423859307698514e+00
2.204961126127251703e-01
-2.666387893664676767e+00
-2.076335882956652057e+00
2.463220056931056945e-01
-4.555415753844354043e-01
-6.390812383217481241e-01
-6.823485023516031589e-01
4.435150110016596869e-01
-3.290267988058992010e+00
4.985833794259715290e-01
2.324149918135777426e+00
-2.377873792904678041e+00
-3.730551645001626504e+00
-3.866151404818208626e+00
-7.679902604908592778e-01
6.901696134038948216e-01
-3.434783119059876988e+00
-2.300051872519508933e+00
-5.969877799207319313e-01
1.917565544869623828e+00
3.593574148129788703e+00
3.807728766389612218e+00
-2.583246167962536255e+00
-1.825727426379406104e+00
7.928256536658286890e-01
3.937946075236933297e+00
-2.951490286915268157e-01
3.707731571391179592e+00
-2.353861478957267828e+00
3.867713572487803120e-01
-1.187325957366870632e+00
3.229927217309463749e+00
2.764162723820309253e+00
2.068314751879330338e+00
3.239545043640958966e+00
-3.947711579982851937e+00
3.637654944808593527e+00
1.147937232240780148e+00
-3.813581951342176701e+00
1.006310106304384000e+00
2.620329832828769412e-01
9.100356369692708114e-01
2.764023337125083302e-01
2.499388668990085272e+00
-1.825423509006835587e+00
-2.818692997194327532e+00
-1.913925877344133220e+00
6.059643881938523435e-01
1.961615723074329409e+00
2.947373135907104924e+00
-2.380152435258495736e+00
-3.431713942372429216e+00
6.580179135190977746e-01
-1.753522169556519295e+00
-3.633389770923152184e+00
-2.177831800770030135e+00
-6.307136495542104981e-01
-3.828001157699444157e+00
-5.663411264842812542e-01
-2.490214714775838445e+00
3.179957031281461788e+00
-3.081118804600506245e+00
2.516267866375754281e-01
-2.533341115520967080e+00
9.054915655715500833e-01
7.720384208183590502e-01
3.755921472705558095e+00
-3.586454708033518735e+00
1.274820441008309047e+00
1.355311088298364552e+00
2.278155735133743143e+00
-3.206703068415862390e+00
1.790451016510147042e+00
3.499000536593381838e-01
-9.357949944316938939e-01
2.108310676904409320e+00
1.557449548091057956e+00
2.711973197066665620e+00
3.599863343048313347e+00
-1.210008597011125175e-01
8.065136039896980691e-01
2.585555494943063692e-01
1.705192993747902008e+00
2.373935673501311072e+00
2.331335281838224027e+00
1.511277630820169193e+00
3.669151452312694239e+00
-1.808299478215213085e+00
-1.554586811278420022e+00
2.605036766012416294e+00
-8.394797331829400022e-01
-8.454499069016740975e-02
2.027089757115670743e+00
3.660457813294889284e+00
