3.361708835411727847e+01
2.319569021545723864e+00
7.077284441676317783e+01
1.216242469660950221e+01
7.852819602690965439e+01
6.961712011863649252e+01
7.183145921578245918e+01
1.703533112586709031e+00
3.644097858714167870e+01
6.885807232134504297e+00
2.021158208669887557e+01
2.835264884034317312e+00
1.069746828220084289e+01
4.326642983600481074e+01
2.347163731757719862e+00
2.290312877774628575e+01
4.769884934670518994e+00
3.913111430464402130e+00
3.635289558271056620e+01
8.495320658021231708e+00
4.813963290523056315e+01
2.097497678733545357e+01
8.243624417280739181e+01
4.895915134934466728e+00
4.445108395092437803e+01
1.893243604406150027e+00
8.495332167737667817e+01
1.096675965018833354e+00
2.530521538376390822e+00
3.478364173171111684e+00
8.157094922747319288e+01
5.759222007205741534e+01
8.783404945027785971e+01
8.800865348223533502e+00
1.296311672173636076e+01
3.269367424444576287e+00
7.343211282183676758e+01
3.239981419842868604e+01
7.886641331769381225e+01
6.837007408117377949e+00
5.221220110391428193e+00
6.565635998383797300e+01
3.545836493254906685e+00
8.609750473827723738e+01
2.591576942698799968e+01
2.022679816733576885e+01
8.585492409889165799e+01
5.644169284308323142e+01
6.959493837445681663e+01
5.924473938331993850e+01
