5.823589895467343069e+01
1.725163998558031153e+01
1.215802637073061554e+01
1.029941459794835312e+00
4.875831555873590162e+01
2.274798581130423880e+00
5.742643339615979414e+01
2.150801074110522393e+01
2.359239076301905058e+01
7.973511235351251969e+01
3.582453443864400011e+00
7.737540006548334759e+01
3.293544357490161900e+01
1.385546729132260291e+00
9.997027284053206841e+00
1.334176824974914943e+01
1.363279646755433561e+01
2.499236880265182315e+00
4.585773782466942450e+00
1.336404155984223685e+00
7.393515065897946670e+01
5.472621638997561710e+00
1.089470257210212267e+01
1.763743719277779620e+00
2.510664371623136493e+00
6.071155909568361153e+01
3.016508097259881538e+01
7.040162638372463277e+01
1.805102818770794215e+01
4.065694575018765633e+00
