2.166077730078731278e+00
-9.487152854122378187e-01
2.370541160376173018e+00
-2.869082709483892657e+00
-2.204013973024205875e+00
3.385076330599023464e+00
1.413919776676098472e+00
-3.940057708324618879e+00
3.469705552868648013e+00
-2.059029009270608945e+00
3.778712404040847517e+00
-3.345837664030550940e+00
1.710586523320092311e-01
3.822212041700757901e+00
-3.665866622481139814e-01
2.835754775425132657e+00
-2.797576015024795026e+00
1.843908381643025507e+00
-3.947283559002305431e+00
5.594639243805046291e-01
3.696000835227521542e+00
-1.002848152985316155e+00
-1.531936705594874937e+00
1.608772949979337952e+00
1.593565338232121320e-01
-1.721280844764616624e+00
-1.569258785003253998e+00
-2.784688922730062188e+00
-3.788884738785063711e+00
-2.649933025192767744e-01
-2.473112637529056634e+00
2.534754437852470232e+00
1.483021130719714975e-01
-2.941922596105093213e+00
-6.974784588091322846e-01
-5.544722391233332104e-01
3.800491250257573839e+00
3.929263983080955924e+00
7.833849242962962478e-01
1.039458288679846909e+00
2.886670957920368430e+00
-2.161062552745352860e+00
-4.656808904664124782e-01
2.664530303111114939e+00
3.497559781962766401e+00
-2.525006017825883298e+00
8.580824650145970622e-01
3.966359902258186132e+00
2.465632935498398126e+00
3.649072200835532520e+00
