3.385515053362215809e+01
3.426868089656032179e+00
1.380354907211252780e+01
1.409474264871252203e+01
4.188886734023398617e+00
2.958274688412169695e+01
3.536205102992830263e+01
3.790824743869853819e+01
2.041376000269442414e+01
3.467161450791611532e+00
2.454769621849110450e+01
5.712978447442725383e+01
2.233174942480690461e+01
4.889048307770397450e+00
7.824548346746315275e+00
5.100410787624416997e+01
1.946120706069484996e+01
1.029521998473520661e+00
1.449452448510789004e+01
1.253501512266603335e+01
1.175232430482769885e+01
5.558958244013682659e+00
2.922800370858074093e+00
1.550405853917986132e+00
1.524711095470161704e+00
4.512658915320943009e+01
9.601567923410662786e+00
4.969070193645059419e+00
9.365555383446945825e+00
4.071642457377235758e+01
1.386540776643145456e+00
8.599292600839746115e+00
3.956848142178068795e+00
2.643674731441778558e+00
1.731465183280555875e+00
9.215385969561415536e+00
1.274377625404118675e+01
7.930107083997421569e+01
1.134696310500182603e+00
1.632959908456155418e+01
2.218147599155098515e+00
2.571517582567881277e+01
5.664089473575850242e+00
1.251854492462202595e+00
3.387458666865868651e+01
1.644312555454943947e+01
6.748541377212451664e+01
7.269047895292376715e+00
7.743475089724175753e+00
3.814898060594019569e+01
4.258706730797744200e+01
2.484518539444394047e+00
3.196611893090096146e+01
8.844075745218979989e+00
3.946184311271640599e+00
5.695090096917544642e+00
7.024062031255956740e+00
2.933831609527105311e+00
4.486892359330176383e+00
2.479722069142346896e+01
6.629633915896475571e+01
3.020593127494830910e+01
6.768012558324772954e+01
5.010413304177292027e+00
1.692233780035401258e+00
9.794661908118722238e+01
1.402986846615152050e+00
3.142114484687640896e+01
2.285786807824187861e+01
1.381073007930987639e+00
1.876687319193237258e+01
1.845967424097615961e+01
6.576792712907848681e+01
2.629783614648749879e+00
1.086444643710149727e+01
3.402456003282712249e+00
5.457156280995065778e+00
9.736387585006031031e+01
3.126160184225147987e+01
4.724984876071186335e+01
7.840976904807935632e+00
4.602738131267396682e+01
1.178268135734705568e+00
8.008091837664903778e+01
5.798786499074639522e+01
2.141188745794402770e+00
1.538613793875524882e+00
2.080706750906959002e+01
4.590727965441928404e+01
1.732337257359224614e+00
1.126669623752232674e+01
1.374923035363399215e+00
3.213041756163577567e+00
4.769378027285862487e+01
3.194953259068532603e+01
1.483318529932805996e+00
2.178520614909870812e+00
5.366568584751004956e+00
1.326260277289695466e+01
4.770466948866894796e+01
