1.968253840831176937e+00
1.739636857477063536e+00
3.222710967803189774e+00
1.230604725204186956e+00
8.874561975514758672e-01
1.119575706232034840e+00
2.007718671640566832e+00
3.409109384150290190e+00
3.071208912058143170e-01
-5.338594679909203222e-01
-8.984809752148912310e-01
-3.014807367000534200e+00
-3.371612214900728155e+00
-1.112628933756851346e+00
1.440347776729018037e+00
-3.974858544225119417e-01
2.203414320921137204e+00
3.189219327893214384e+00
1.302082244149949553e+00
-1.071368986154475955e+00
-3.242206716041938996e+00
-2.483134841250096869e+00
-2.494286736133301652e+00
3.819279472311158052e+00
2.780615212135018055e-01
3.144108487565198118e+00
-3.068155176855124289e+00
-2.233420780167088893e+00
3.511430496180139471e+00
-6.952595259229967795e-01
