-1.983401710527311401e+00
3.784679157047589726e+00
3.547630237968940392e+00
2.936223272943543350e+00
3.599525272594665815e+00
-1.269021962250615587e+00
9.300269138293115745e-01
-2.450164789609230453e-01
-2.655573056753386396e+00
9.229876965199528271e-01
-2.820276591230242325e+00
3.121467327431508565e+00
2.352701462944893684e+00
1.372397488163379364e+00
-1.841559128700041015e+00
1.729027795724789485e+00
-3.284528204286682573e+00
3.164546090352703622e+00
3.841142769466163287e+00
9.000813679418255830e-01
3.477811818302365410e-01
1.917634672556693509e+00
-1.426128583406899075e+00
2.502881648843035656e+00
-4.247566195044605308e-02
-1.846367248993004750e+00
3.965013548458573567e-01
1.802310867836861341e+00
-2.939596054054199215e+00
4.693502257783750409e-01
1.575146436487262491e-01
3.651079176544348215e+00
-1.640983782299166194e+00
-1.159933167762223327e+00
2.216981186951104910e+00
2.205570608065168692e+00
-3.746539933477081696e+00
-5.789294948187970746e-01
-2.159326527629668036e-01
-3.328080648281321885e+00
2.257921136220653935e+00
-6.606980471854360104e-01
2.944486238071020168e+00
-1.435329319059096775e+00
2.493536322343470779e+00
3.869324946877564564e+00
7.581972281329178998e-01
3.871698332767798512e+00
3.943382784838984634e-01
-3.310430085620780005e+00
2.103604779357674204e+00
1.580453445514860000e+00
3.698445975156072763e+00
-1.700927473393453404e+00
-3.070277618321622271e+00
6.013923418177729019e-01
-1.840410716203962238e+00
-1.891914825399264366e+00
-2.417050864000830579e+00
6.357633007818126458e-01
3.185238695932821607e+00
-2.859857828593658446e+00
-1.305542711379232834e+00
-1.879922223329701936e-01
3.223017313635764935e+00
-1.212230723327502702e+00
3.577368818954616891e+00
2.487210758391666943e-01
2.115253966160977050e+00
-2.756730279117357796e+00
3.235445148457204212e+00
-3.434758518208610667e+00
3.287487756208728129e+00
1.768950823111623549e-01
3.817561234456477770e+00
-2.627397064031631757e+00
-1.936779508037981934e+00
-5.197749112019147688e-01
-1.107303685505937274e+00
3.326684908965393817e+00
-1.946446637749652098e+00
-1.506865174856558021e+00
2.996082290784861435e+00
-1.214873267214082730e+00
3.327624901857245021e+00
-4.852363020734573595e-01
1.255714419273410876e+00
-1.605556989488043484e+00
-2.776962142035242387e+00
1.630084032700050756e+00
-1.126807637772722970e+00
-2.131288428894755782e+00
-4.379076623345188324e-01
2.100547889353034492e+00
3.304321697381663370e+00
2.432417915678222187e-01
-1.386389983553357297e+00
-8.142487950581314138e-01
-7.580230947984043510e-01
2.700886121554164632e-01
