9.791311595895253461e-01
-1.291947780387450173e+00
-1.449826031079272326e+00
6.475908540376922318e-01
1.950405209064586032e+00
3.969810534464523144e+00
1.684222624624430509e+00
-2.700273632204801544e-01
3.682176231445153824e+00
-5.657064498910724382e-01
3.413840387965406009e+00
2.839064176809882767e+00
8.347946624094326751e-02
-3.128552530075455529e+00
-3.896476650025320509e+00
-1.804928544521265721e+00
-1.084018527541871002e+00
3.758154204575613555e+00
-2.214514114675234957e+00
3.672352136542519574e+00
3.789294100171670010e+00
3.392269712063191278e+00
1.588150904489049609e+00
-1.170555755893313510e+00
4.214552657624324183e-01
-9.206757062628847521e-01
1.344086540524710216e+00
5.781322041909202625e-01
-1.634532510604002731e+00
-3.245854675145273482e+00
