3.439238580103054499e+00
1.273200157932168075e+01
5.130123712090349386e+01
5.406598973940074160e+01
6.255474099864173354e+01
3.597605408850268560e+01
1.149425260704803797e+01
3.447890846476188376e+00
7.405743322773619752e+01
1.530123481165607924e+00
1.971163954843024158e+01
2.776357662499570012e+01
2.535431731219235374e+00
2.009005374349222706e+01
2.536019022023972891e+00
5.551767045188993421e+01
1.583852035253400281e+01
4.730359391963558835e+01
5.949119653786828366e+01
8.085275818066982367e+00
7.621595136388128822e+01
8.356192323278872180e+00
5.489751383975346499e+01
2.567403614261562694e+01
3.604518130546903620e+01
2.786046928027989811e+00
3.585612001006811767e+01
3.349654019624009660e+00
3.451267354894173245e+00
2.411546860751499111e+01
2.301146064996759577e+01
7.756643891020738124e+01
1.615804718799212125e+01
1.095322464640460680e+01
1.002419456830171463e+01
1.884599989395776776e+00
2.889426370981964354e+01
2.755925658474953366e+01
4.520294861702085498e+00
1.796554403844416825e+01
1.827344697362421044e+01
8.621569081364892639e+00
6.344391132155535296e+00
3.473233235016119380e+01
4.613838938546725643e+01
2.330824313201219056e+01
5.291189675266226544e+01
2.928929058772386540e+01
3.335808324371398736e+00
7.634858329257792064e+00
2.817047927208250968e+01
5.792782571706259986e+00
5.506931140280615011e+01
5.109682538843361499e+01
9.954815004147091884e+01
3.313521552079746968e+00
1.059132506806153629e+01
2.043156401568871061e+01
1.141953163599724208e+00
1.975523905053996288e+01
1.268854531531682150e+00
2.467175472396832436e+00
1.028202317727525905e+00
1.385232882994638182e+01
2.098751637913015333e+00
6.486508462134494835e+00
2.271436631589497779e+01
9.619228562160303753e+00
6.016256415357772447e+00
2.558284936759767803e+01
3.328495909942843944e+00
1.753986878254240933e+00
1.293898625826200366e+01
1.156477268968057803e+00
7.592570230826579447e+00
3.161839914775959670e+01
1.279418971581740561e+00
2.100270996557743075e+01
2.390544123987216807e+01
1.600250230914788929e+01
2.980590379838614723e+01
5.636685717388461825e+01
1.505574249720683877e+00
9.855977368855532106e+00
1.097776923397309812e+00
1.012430137403979691e+00
3.387507789400699920e+01
6.255566911099528227e+01
2.709309007250197610e+01
2.827343578817132830e+00
2.384824680852496659e+00
2.606317916281474023e+00
2.526706229750553145e+00
4.782296188301392448e+01
8.825760816330451064e+01
1.751578253839526589e+00
7.201823896966952354e+00
1.015313889864045827e+01
7.458224640963140928e+01
2.473245019722789095e+00
