1.056394235286318928e+00
1.958762140263597118e+01
2.564713498112313772e+01
2.963209111287793185e+00
9.749316665260867154e+00
8.353454805814440221e+00
3.180908727940048664e+01
4.923043253436599542e+00
1.332251027235118634e+01
4.949988505246664516e+01
8.548045180615847727e+00
2.615322380841408112e+00
1.056719727785504048e+00
1.899369563686628481e+01
1.571095495696670952e+00
1.090595562557767906e+00
1.252189901649531256e+00
3.249942234809238073e+01
8.551761446830279567e+01
4.886395794576549712e+00
2.521471612316590338e+00
2.426108835767321636e+01
4.771492345418520387e+01
7.020783807046742986e+00
1.626844723492529843e+00
9.472435837213363641e+01
2.792570867800972412e+00
1.423909241445366014e+00
9.241435377535404783e+00
9.620466135054060430e+01
