1.413040253703251814e+00
-3.482882056838395357e+00
-2.133594671386521036e+00
6.602746080112984473e-01
-3.371090649042375986e+00
-1.239992179735838640e+00
-3.304830994228032282e+00
-1.429630471358350086e+00
2.630888775817355807e+00
2.541560801136576231e+00
2.012906233077189633e+00
-2.269451275300787607e+00
7.817611818444429872e-01
-9.747772476587774904e-01
-9.085395945174035148e-01
2.539197536774381980e+00
-2.523105412808100745e+00
-3.029556485646117459e+00
-3.670838554225960948e+00
9.029815008576624891e-01
3.967245062881834983e+00
3.435287571208045954e+00
3.416064162518582137e+00
2.974249267735465274e+00
2.178830333150404641e+00
-4.696020364354414056e-02
-3.540848897957745933e+00
2.428116176020583161e+00
3.284549221384672535e+00
9.026803462021959490e-01
2.186701218517529632e+00
-3.004168264733780624e+00
-1.044595365002932041e+00
2.128709688662733690e+00
-3.159652933667532082e+00
3.941604721724320193e+00
-1.773820764331064836e+00
-2.628495845389249297e-01
1.987881819171634312e+00
2.638673537421442283e+00
1.665860471346496396e-01
-2.945381597484883152e+00
-2.802804618663074621e+00
1.727410904201502007e+00
-1.593892282943247807e-01
1.474534413817461420e+00
-1.339882486860436650e+00
1.694910566813010888e+00
9.232031558018336526e-01
-3.376349716331644046e+00
