2.415918612102712970e+00
1.100979944856097070e+00
1.631475190851333679e+01
1.556084048474573045e+01
1.840565201309945609e+00
1.369498811240748104e+01
3.103238994869597889e+01
6.758028734096576784e+01
4.003269178019942309e+00
5.539661098133644046e+00
2.170401291730757265e+01
3.630267762851170144e+00
1.431122365855854106e+01
4.099319311103952757e+00
2.312931701311986554e+00
5.598983205813768294e+00
2.772365420825724058e+01
5.050253132280657198e+00
1.297766108314418254e+01
3.835142359673609747e+01
3.869340149022472986e+01
1.033255383728110877e+00
8.623565954164172709e+00
7.610387619913419144e+01
3.896436691111473394e+00
3.964788811069046659e+01
2.067664452375784379e+01
1.689773831036825058e+01
7.302199130331769084e+01
9.696419765342714214e+00
7.075622544947106007e+01
2.879983283745718481e+01
1.841854988171251151e+01
2.129918544612858344e+00
1.670889459762763263e+00
6.978104922938722865e+00
8.346414186404186353e+01
4.323055542746457292e+01
5.685095076267010938e+00
2.368154821771414831e+01
1.474698867570792515e+01
4.460579451519089744e+00
3.993087519359093562e+01
5.329597889571225267e+01
1.231643156037345976e+00
7.917149155384387882e+01
9.898587892586391490e+01
2.557658886043670066e+01
6.585610624023608750e+00
1.540231680738834097e+00
5.139603397830936871e+01
5.662792177387590442e+00
1.043367060404016611e+00
1.789454648495533373e+00
1.457272670554829475e+01
1.712341550196160300e+00
1.152271923452839797e+00
6.040014593176122304e+01
5.835499438402758088e+00
1.877445902721505533e+01
7.483171415800812554e+01
1.311795791117414733e+00
1.228436903961366067e+00
8.356277476470943100e+01
2.685140430817361423e+00
4.640725588982094507e+01
2.025025248944464007e+00
9.898513911711976476e+00
3.023277196279203238e+01
6.489891497244553165e+00
1.905014712146239120e+01
1.983840002784232892e+00
4.952449601647631816e+00
4.505684371537707023e+01
1.191776809503154766e+01
7.169225213907741256e+00
2.910568300023998489e+01
2.028751390158668677e+00
6.492077581462305602e+01
9.122415000106244065e+00
6.708339501995569165e+00
1.087499384104219757e+00
1.834747566321611956e+00
5.933158376403749656e+01
1.061695056048915831e+01
1.056074250712985574e+01
2.278430203400672038e+00
5.918108168606601716e+00
1.985106211443755697e+01
9.761803200418048831e+00
3.209744547812975668e+01
7.836463153019023409e+00
1.594911449143634918e+00
3.853356877693853377e+00
1.771906075896199084e+00
1.268062586068942288e+00
3.042495739614592765e+01
1.357312708588731631e+01
9.880496597849788998e+01
1.750688382570161394e+01
