-8.249958166414828042e-01
-5.019193840293523223e-01
-3.962565566283314133e+00
-3.789782466837639419e+00
1.102686213630027723e+00
3.018443267046646561e+00
1.723031777168824163e-01
-3.760141970043658688e+00
-1.849881459057947097e+00
1.047073337643868562e+00
1.108300682484856914e+00
1.169122843177141213e+00
2.269460457900954076e+00
1.731860820131876366e+00
-4.366108764244316376e-01
1.177438571469896722e+00
-6.207816757596473778e-01
-2.400273355975540035e+00
-2.711588272356147300e+00
-3.233318808940941480e-01
-5.587611547810169554e-01
1.656663788900865519e+00
2.228943660601683696e+00
-2.328531401801367196e+00
-2.974700373966292943e+00
3.323872439615053409e+00
-4.946441521943345521e-01
3.971385400639337426e+00
-2.245650331565095748e+00
-1.252988714337089249e+00
2.847938659032438480e-01
-7.131496371020134006e-01
-1.821138359715476440e+00
-3.383705911403589894e+00
-2.947704112573323876e+00
-2.560415366780290469e+00
-2.552033028593784891e+00
-1.182185566639203600e+00
2.479543274630631622e+00
-8.888797534723229532e-01
-1.691476106563030157e-01
2.862541961290085979e-01
3.691873585887304188e-01
2.560763536154114561e+00
5.021488269287344153e-01
-3.800252629557784978e+00
-3.636944238579630451e+00
-1.075296021694308379e+00
3.618104625239066507e+00
-6.594753966709214765e-01
