9.188167091855151014e+00
1.277301488121061812e+00
1.278062331080211145e+01
1.031930973459594547e+01
1.809902473835784509e+00
1.078699222926875301e+01
3.213911030475519937e+01
6.959558150165946699e+00
8.113306342997194065e+01
5.578487899129962813e+01
1.334746457268435726e+01
1.075544417052524970e+01
7.778003935312071349e+01
5.653125894650814942e+00
1.867902192150155116e+01
2.200082167640594832e+00
2.334835631509062281e+01
8.847845398000201200e+00
4.391666743755938995e+01
4.882367796125877391e+01
2.352029091378180059e+00
8.672239162191599959e+00
1.678045826537206864e+01
6.382663273017205086e+01
1.265187269465645592e+01
1.234068729354235217e+01
9.570495158912589062e+00
2.662352629271887494e+01
5.997769501665701597e+01
5.828197963438796592e+00
