9.677463453671769855e+00
3.774579038642379203e+00
8.059961603111847950e+00
3.908135291005476830e+01
6.504788322556832370e+00
1.154161737084098682e+01
6.200594439345310960e+00
4.666501025479942832e+00
3.131954817571774541e+01
3.386017682728682754e+00
3.428683105016919086e+01
9.688393441166690323e+00
2.739943550828537155e+01
8.510708712269050125e+00
7.884238189472542047e+01
7.602602092050278593e+00
2.244528129745634004e+01
5.192916601348928651e+01
4.625618875958579679e+00
4.949044214849332235e+01
2.489907726436673485e+01
1.745888322804151072e+00
1.028721890728429456e+00
4.968478057692141903e+01
2.164186821380813797e+01
9.579860831303998125e+00
1.689141605125175261e+01
2.354513320002371124e+00
1.077321060138501929e+00
5.474891321659964838e+00
8.527188957888549581e+00
2.584604568502157207e+01
1.628984461212778712e+01
1.810276097551114294e+00
1.756402947853688445e+01
9.650811632117695638e+01
2.997330831296428855e+00
4.636701035072115218e+01
2.314818687041889422e+00
6.857387106736066329e+00
1.608557253615677363e+00
8.910511622150263378e+00
6.731763595854486582e+00
1.988206247063395438e+01
2.008581042156600915e+01
8.396223972719635498e+00
5.864928196606460808e+00
3.829029070195627327e+00
5.802054994426018908e+00
5.149337779351403910e+00
