2.446005604529750244e+00
2.168057422542523760e+00
-2.637779419020993998e+00
-1.571943020454151352e+00
2.792636247512231051e+00
-3.751814414811694753e+00
7.758669838691814036e-01
5.638759653279947770e-01
-3.612425402652643669e+00
-1.172328958253805453e+00
3.543538411678087918e+00
9.782890414141443003e-01
1.609470157541287527e+00
-2.226763798040284570e+00
1.256511561072901628e-01
-1.749715929766995970e+00
2.851031939669866233e+00
3.797749961369051519e+00
-3.196128448837474600e+00
3.236252686119051702e+00
1.061076620233114554e-01
-2.877158503680544932e+00
-1.917069337662568707e+00
-1.519713407359131629e+00
2.504085075468314159e+00
4.165897443137822620e-01
-7.390292240783749023e-01
-1.495344224769232788e+00
2.936119366508684436e+00
2.346462483996039516e+00
2.969248845567945772e+00
-1.569349332937138186e+00
-2.190942474656490724e+00
-1.268699018261485456e+00
7.439262256488365921e-01
5.314951007264161476e-01
-8.614887184711497170e-01
3.612620399618881706e+00
-8.276396508082930481e-01
-2.383894390076433112e+00
7.058087519049376368e-01
-3.684148750075833867e+00
6.147104942422121354e-02
-3.265836710694011380e+00
2.449266335479014955e+00
-2.910262606344389269e-01
-1.073655942686234432e+00
1.376559631430229302e+00
-5.158656482705108459e-01
-1.218295387244721084e+00
6.056919932261610739e-01
-3.075948549918748220e+00
-2.224163066240620878e-01
-2.757949811833074527e+00
-3.365925995816499317e+00
1.618168844527456685e-01
1.464005291195068281e+00
4.940814873652827899e-01
3.939241451598033628e+00
-1.379362686737390931e+00
-4.131258925084591027e-01
2.260913085845319692e+00
3.217776778763370871e+00
-3.392659904324013098e+00
3.406122885854148130e+00
-2.216783016148021090e+00
-5.313239821727444578e-01
2.173159609903134282e+00
-7.763462240916307877e-01
-2.765143322402498605e+00
-3.456938676769738095e+00
-2.577410162166214214e+00
-1.828923815716523293e+00
2.640838382677388019e+00
-2.637462983057347721e+00
-1.012583643672252620e+00
-3.043624754521108144e+00
3.302379848822223352e-01
-2.347477712125181526e+00
-7.634304785099477186e-02
2.072111923529613264e+00
8.893185070176139462e-01
-8.180387357533911441e-01
1.170853560178394481e+00
5.954806422960379209e-01
1.210912354669638091e+00
-9.918876310957536191e-02
-1.658639734680249944e+00
6.462737547410561945e-01
3.608072056025752872e+00
-1.600446483544548215e+00
-1.165301867016108162e+00
-1.986549540648574030e+00
3.190854318265527567e+00
-2.954758860996789416e+00
2.389915061572960298e-01
-2.326343391327405641e+00
-3.875233751924182179e+00
-8.006907723512819430e-01
-3.663968194647138077e+00
