4.734599300445117009e+00
3.461759204050219640e+00
6.152123010692016614e+00
1.542319632796681717e+00
4.997758189700132903e+01
2.725773220569325872e+01
6.170309629510395411e+00
1.444178291925395374e+00
1.027858887110479280e+01
4.246994341319942912e+00
3.843487268952770819e+01
6.518375287996683198e+00
2.527936574769784528e+01
1.005934722834793860e+01
3.080154521590338312e+00
4.628806861374241777e+01
3.870890232075595350e+01
8.244800752566970203e+00
9.071103252676085305e+00
1.963644689440856439e+01
1.199184328707493474e+00
8.701322263420082948e+01
1.711947435016326180e+00
2.718459286913137518e+01
3.695085268523531141e+01
2.740613779131450212e+00
1.924696702562835782e+01
4.398600505532573202e+00
2.080004945487205603e+01
3.249120662208928589e+00
3.310216492780316599e+01
5.059203941074074784e+00
1.277894332420214774e+00
4.595228967404718645e+00
8.457980400408606769e+00
3.089422446823113066e+00
6.542934750773738983e+00
2.697489660227404329e+01
7.483768117222686556e+01
3.512146309662119137e+01
1.262710595836919225e+01
9.402660742541095829e+01
1.962577029415626173e+00
2.895688477561913032e+01
9.218817249419698712e+00
2.908781330849652846e+01
3.092912279655664065e+00
2.391570416950083455e+01
2.135694976812536172e+00
3.482149965730089836e+00
