1.385535138212844117e+02
4.604113268183022001e+02
3.412631458909320070e+00
7.477428142801647937e+02
1.823611609673506280e+02
3.472119931954941308e+01
2.579740060177588745e+01
9.834415641111488640e+02
2.884558535586556900e+02
3.659861929838211836e+02
1.350161786125106858e+02
8.046688213127620770e+01
4.535092514123774343e+00
2.881997514938567306e+01
4.997845510308025041e+01
1.408147379423865475e+00
5.714223463848102114e+01
6.795046410371593311e+02
3.910802435030922766e+02
4.409111103292039502e+02
3.960124078575086060e+01
9.933071063101307629e+01
2.240226288225332762e+00
2.900186725287235490e+01
3.261068683475245589e+00
1.409319282231857251e+01
6.248114232832974722e+02
1.521200838967145641e+00
1.374457802808411770e+02
2.983961269606435263e+00
