7.560621574458679106e+02
4.583367255694659548e+02
8.988870285104087543e+02
3.007359565823776748e+01
2.243851831783161543e+01
4.758379230517682856e+01
1.811344345887382303e+02
1.953864583922895637e+00
3.745816614754937035e+01
1.353854966878238884e+02
1.035762135181094408e+02
1.518497820186032499e+01
7.211887432465767134e+00
1.211548909403222609e+02
1.599841816337144884e+01
2.992920342706444803e+00
4.387516828069070129e+02
3.209542108032127317e+01
6.394831435694911193e+01
2.319585393589842113e+02
3.602036513478976243e+00
3.183809419289352860e+01
3.723038341853465027e+01
4.157314010626772216e+01
3.129900531343613679e+01
2.509553969789565286e+01
7.600813648921894483e+00
1.228747945964985711e+01
1.261432120874806913e+02
1.698913829708731882e+01
6.506583476055996584e+01
1.980479671660591912e+00
4.412376084566650292e+01
7.540348991702843477e+02
1.597088254489528047e+01
4.911951666291767538e+01
3.284637774996063087e+01
6.628851722960924064e+00
3.270272828161688494e+02
1.587654765708875315e+00
2.277422438062269805e+01
4.560547379876228291e+01
2.640374252329569682e+00
7.217226704175328678e+01
3.509542364489869328e+02
2.884386282892550390e+00
6.188078262871403012e+02
5.341939809470146372e+01
3.285549773574003893e+02
5.814685574641470822e+01
8.599904145614021900e+02
3.644454234001392123e+00
4.101323659536423527e+00
1.756141449379657971e+01
8.147055393308146876e+00
2.991405647752179107e+02
4.294920581744208476e+01
8.393417569112125420e+02
1.063644438399174561e+02
1.924745025392065259e+02
8.413096918516339429e+01
1.269919456206710207e+00
1.840434815700304583e+01
1.239996797071204782e+01
4.221296939302155238e+01
2.154925947188605306e+00
2.482889532452003323e+01
8.074846834100040383e+01
2.497834821030236085e+01
1.478352058018997051e+00
2.284509306353404767e+00
2.396822567308924956e+00
7.952785966000168294e+00
2.061588477116825118e+02
4.177878108180369310e+01
7.358804464718570415e+00
5.831021346029704944e+01
4.110743452417803212e+01
1.590690071066045164e+02
3.072364950672281836e+01
4.878483854152088384e+02
8.036053643761582066e+01
1.042916760933428151e+02
3.807215841709888196e+02
1.407794944138549909e+02
3.295440840020964970e+02
3.218471156139730027e+01
1.667960100707433924e+01
1.789699461552067419e+02
1.225982292772326474e+02
1.156915371755661726e+00
8.501464078159631299e+01
1.117160451330721171e+00
9.632964986729937209e+02
2.497321810286494781e+01
4.343814897723328272e+02
2.255551524786160087e+02
4.048955724223266657e+02
2.480706944124688818e+01
8.674730184577006753e+01
