3.939124313183023141e+00
-2.199335553858166037e-01
6.079613082731682994e-01
3.442686834046569722e+00
-2.570975507637310642e+00
3.605942101347849871e+00
-3.707732095853382148e+00
-1.559201044046399254e+00
-2.329821566323655446e-01
3.248769293586215134e+00
-1.972908444464506417e+00
-1.079617831701620290e+00
3.554679439130155494e+00
9.171582979798094115e-01
2.030988474143510913e+00
3.590104641487053883e+00
-1.688299004089804711e+00
3.615855876424637572e+00
2.224109504197099518e+00
3.458181002175813035e+00
4.368517613342302042e-01
2.735450385637803628e+00
1.575557568713573886e+00
1.582352563205790652e+00
-1.282503786469902707e+00
-6.209378501097368996e-01
-1.764165947074098462e+00
-3.952804113323213464e+00
1.011905123977525633e+00
-1.075472351284826544e+00
2.731559780755405953e+00
-3.898801677450183689e+00
9.129310431643853363e-01
3.257760606235810208e+00
1.277952964008820302e+00
-2.263182063168720504e-01
-1.712355644461800885e+00
2.472639734622619656e+00
1.291610391920719358e+00
-3.036943286179358381e+00
3.800776993033251117e+00
-2.070513896074079874e+00
-3.103408598176483402e+00
-3.853761964841992516e+00
1.181094296673484756e+00
-2.089400214785363197e+00
-1.461395988041155114e+00
7.241638883992784770e-01
5.718612295058669304e-01
1.005583331931840796e+00
