1.226032636582167434e+00
-1.036775661454343300e+00
2.560149607594503607e+00
-1.557809953217279997e+00
3.711322014793457136e+00
-9.089591765954763147e-01
-1.774823943821412620e+00
2.636156622383650117e+00
-7.354787881209778888e-01
-3.415682638854775632e-01
2.238894102888815851e+00
2.722902146571187565e+00
-2.865071872778912621e-02
1.204502338005049467e+00
-1.446101619554955420e+00
-7.125447758927592190e-01
-2.390127810600940705e+00
-3.629218790787511750e-01
-3.764335502147798884e+00
-3.920715416370656570e+00
4.975438281612172275e-01
-2.692360634898150806e+00
3.574417572560800949e+00
-5.814242165340690605e-01
6.981140814680788509e-01
2.911471323483931783e+00
3.653230530481392790e-01
4.078232182917833626e-01
5.760297613607292533e-01
2.191731859518045056e+00
