2.689742181741341298e+01
1.223783678345254344e+01
8.251863722968691945e+02
3.675025962848985017e+01
1.209139450189651077e+00
2.452500439323595316e+01
1.769225739065446135e+01
7.098323418890880703e+02
7.762501926511640171e+00
3.063928352013526535e+01
2.187842752482155984e+00
2.090440071574985836e+02
1.368229810452758244e+01
1.147533483233783471e+02
2.296055706427817000e+01
1.318962652023353712e+02
3.040859525438941446e+00
7.982179516231309435e+01
4.939092726995474969e+00
4.889583715783920752e+02
4.758532999799304442e+00
3.475137027039619966e+02
1.128726666610285534e+01
1.710743515002409509e+00
2.827417248826693026e+02
6.960724835276518974e+00
7.505787996628086489e+01
6.451247086989942545e+02
2.900566886743972717e+01
1.971597068581424361e+00
3.915387295682544533e+01
9.644667630884521614e+00
1.011405447951126888e+02
5.764635339337678488e+01
9.062304959709714467e+02
1.287555880657949459e+01
1.225387554035788362e+00
5.836278321788613610e+00
6.546164556663693475e+02
1.881739154692274951e+01
1.996382197590658620e+02
6.974510324766859171e+00
5.302531726627064472e+02
1.085777921988594130e+00
1.523290608601793963e+02
3.452753290001582087e+01
2.101620148988578407e+00
1.171073350794621604e+02
2.951718706112168356e+00
5.014085133392671700e+00
