2.040976632642363953e-01
-3.081714960638724854e+00
2.520975174819962916e+00
-3.821680173984335127e+00
-1.736750885896101160e+00
5.225053194919064836e-01
6.502432688124937243e-02
-2.137614757376324448e+00
2.080711206252228607e+00
-1.682209685339472571e+00
3.118405005413205089e-01
-3.192790257493695272e+00
9.977492761608388605e-01
7.486442008256188885e-01
1.760470318724198791e-01
-3.376757288811094604e+00
-3.916385826204876075e+00
1.811019642087317472e+00
3.636392183385054544e+00
-1.622910622930682223e+00
-1.902510642172573263e+00
2.303922922357549474e+00
1.063045178203603669e+00
-3.801922620854189638e+00
-2.344743084348096751e+00
1.343693592604595644e+00
-2.112342580918875612e-01
3.404197117625709978e+00
-3.296814947836858245e+00
-2.040632383721321830e+00
-2.189844152314869064e+00
-3.373179351052569608e+00
1.979192870031302398e+00
-2.197202595265226321e+00
-5.574299971727079139e-01
-3.345848507017095130e+00
-3.042231341148443846e+00
-3.024086461095281564e+00
3.737868605817750378e+00
-3.696076127861839922e+00
2.169797099352219760e+00
-7.874139879450599011e-01
1.849091570634726622e-01
-3.686981029975834545e+00
5.876088888535493382e-01
-1.296273326844827878e-01
-2.755737760004448589e-01
-1.152274993910419099e+00
1.773026413014947344e+00
2.903450063990886676e+00
-3.841064703799546010e+00
1.563855052381612154e+00
-2.189286159175048319e+00
2.736035266276428679e+00
3.509352574279209769e+00
6.930581942302760368e-01
2.741599864084172999e+00
3.996944759327983654e+00
-2.182866050244328449e+00
-1.048002270028332461e+00
-1.111840029631880888e+00
2.253299464993286705e+00
-3.441731822675738073e+00
1.279202527516683396e+00
-2.122771274755788973e+00
6.735549087509795640e-02
-2.077201736094968609e+00
-2.301680742351370768e+00
1.665938199975392386e+00
4.504172120173279836e-01
3.551938242822252789e+00
7.990352893701944126e-01
1.574464768451995234e+00
2.500084239115640372e+00
1.897118401439035651e+00
1.273561832427271057e+00
-3.264642028883645075e+00
1.469016018551336344e+00
-1.103447438581086182e+00
-1.541468575590290158e+00
2.736847843450601836e+00
-3.929221870565819508e+00
2.701031571015488630e+00
1.247259169121386790e+00
-3.679674353005036203e+00
-3.333564866680328365e+00
-6.845334062321635216e-01
-3.098556676427842937e+00
-1.762170810188892212e+00
3.737858599873689514e+00
2.195209249591073331e+00
-1.057802366905445268e+00
-3.114129218749873473e+00
-2.644729161777338078e+00
1.587705190284906642e+00
8.733314731339811843e-01
-7.055996260686647759e-02
1.228836579137135843e+00
-3.947045910534734858e+00
-3.073703269781242753e+00
