-8.977243077533136884e-01
7.746193112547690163e-01
-2.301300595572959296e+00
3.553571198138421039e-01
3.998540191083086448e+00
-7.597637224528241973e-01
3.378442619754986609e-01
-3.363372834127494215e+00
3.975893517958984269e+00
-1.004003308100591241e+00
1.078781277190790533e+00
-2.280237719076961156e+00
8.926757332160324410e-01
-3.697694632438337514e+00
1.513470335716065485e+00
1.949092004857721605e+00
-3.882149830222153319e+00
-5.285167055364041744e-01
-1.112255202413737543e+00
2.645771751433754204e+00
-4.483468098312490824e-01
1.933655453410962011e+00
3.361107133383207213e+00
3.863673045055707078e+00
1.597947021522149846e+00
-2.130952256500447284e+00
5.435900486464921855e-01
-1.165769609475572288e+00
1.979973576986298056e+00
3.690325301498452504e+00
-3.528218643651115372e-01
1.272491110863862573e+00
3.797332876333987528e+00
-9.226557096858059026e-01
2.127170886182482512e+00
-2.874684156756964981e+00
2.301492436285293763e+00
1.712401537806606200e+00
-3.065071109578984654e+00
4.072287297797592132e-01
8.775187471022771746e-02
-3.976662773252068739e+00
-1.917840151937415527e+00
3.425947777404330097e+00
2.108152228613950463e+00
-1.344403648862297906e+00
-3.450937114808207973e+00
-2.962546286815726404e+00
-2.893819336206862936e+00
1.098537219979061064e-01
