-1.337158396194269017e-01
2.571510139753616642e-01
-2.492678607672704771e+00
-3.029768104721518363e+00
6.161386165814786153e-01
-5.133256721502625908e-01
-1.159969435832142182e+00
-1.866902931008399769e+00
3.336696931808786459e+00
3.965694459968374552e+00
2.534713275916145925e+00
-2.112666190960017509e+00
-1.121148837303408641e+00
-3.001211925566516392e+00
1.749861305683907631e+00
-1.893757917474017560e+00
-2.726029757559122579e+00
2.939217817494914620e+00
-7.077635710619984977e-01
1.492389993302435158e+00
-2.641826923523971082e+00
1.512030253560539883e+00
-4.327914846840474894e-02
8.914511088024612562e-01
-2.896238349726276695e-01
-1.169651306506964694e+00
3.142060383434461812e-01
-1.937838051382601456e+00
-4.974135626945486166e-01
1.573535349343005763e+00
