1.396838678531163858e+01
1.694029653602518781e+00
6.230333294810028733e+00
1.194244226308949886e+00
1.752203741597522457e+00
1.484494993667587259e+01
6.335246364116536597e+02
2.682268798613562932e+00
8.712627475674064925e+00
6.248082200006479070e+00
3.645604479649386462e+02
1.801638125122716971e+01
3.568559776676661954e+01
2.735994594000752844e+00
2.480715369465293563e+01
3.493150065176335417e+00
6.522724690147267665e+02
2.344838157455260141e+00
6.314967957221885975e+00
8.284921984785096072e+01
1.025123766657574365e+01
1.574200364610705005e+00
1.247266420806390954e+02
1.521756376174620407e+01
2.765127050892937532e+00
3.270849495688274100e+00
1.014519898630309669e+01
2.340982991850336248e+02
2.981154786334835549e+01
1.423539771320912166e+02
