1.507905146376255612e+00
1.771431562293689410e+02
2.190764769817901580e+01
2.216788075250206873e+02
4.500274418793146225e+01
2.889615904729002978e+02
2.647133243503662925e+01
5.239873619855628384e+00
5.144994083599174672e+01
3.173824183209152920e+02
4.553615404526784971e+01
1.220133347001712920e+01
5.711278690747528586e+00
2.114054644736767408e+00
5.925893722194063962e+00
3.021346384097551407e+01
6.533801195610444701e+00
6.792706328185311726e+00
4.003314961179678733e+01
1.007949397664959292e+02
4.563738997091660643e+00
3.233917506104477013e+01
1.333830976190125917e+01
1.874916280321927697e+00
2.604162060627226083e+02
6.454823210071798378e+00
2.706660590218928419e+01
2.952845023479953852e+02
1.186390041840131033e+02
3.400612919219631749e+02
2.800827271449775253e+02
2.449798819196303157e+02
3.964064651326009425e+02
3.313421593836175738e+00
2.706856673934482060e+01
3.505857470562034450e+00
2.094058901344032364e+01
1.346327368369406408e+01
4.728977575314162607e+01
3.244003581946782067e+00
4.476639102970401751e+01
1.076725145107531887e+02
6.492569121121498199e+00
7.108368969835891171e+00
1.970562470945157330e+01
1.714924663868779842e+00
1.924800012197980248e+00
1.475273922813925083e+02
1.275930715951325851e+02
9.112476773579462019e+01
1.462811629237729960e+02
7.983703918773632502e+00
9.915905034476286062e+01
5.831646047844285086e+00
1.909100103528400760e+00
1.418435083634125959e+00
2.107314550374604423e+01
5.556439279244911233e+01
2.167474802718076603e+02
1.259015065552543433e+02
4.037135554531118053e+00
4.647661412746759169e+01
3.557567815686137180e+01
1.833287564786319823e+00
6.179268206813299003e+02
2.608779093486231204e+02
6.281696583052052141e+00
1.547768121632220328e+00
2.597133671845124780e+01
1.118287862899234497e+01
2.246915017027078409e+00
2.991825597860992616e+02
2.740430058084411939e+02
3.108582361201923661e+00
1.668395802444774034e+01
1.182689189049713008e+02
7.936677122563067144e+01
1.981679755118888409e+02
1.754321166665046974e+02
2.548668448614859301e+02
2.231073477307103872e+02
1.257272373007470190e+00
2.183673156899842525e+02
3.077324852643524178e+00
7.340971365590807807e+01
7.054038086127235374e+02
1.857522903529956579e+02
5.515137075458998197e+02
1.370134551219549079e+00
1.313101753151358366e+02
2.168336910606127503e+02
2.591997353933434738e+02
3.653128636931793380e+02
1.511111694064533992e+02
5.938591726155840966e+00
2.482065947706815123e+01
3.336635430856438767e+00
3.770450188348465872e+02
3.308720455387830217e+00
4.532606186031993900e+01
