3.876907887859899660e+01
3.074538118026434397e+00
4.533638756999088137e+00
1.441458034842098073e+02
2.088292575388071555e+02
8.520178707040132338e+01
9.376159063271499008e+02
1.266025062375491617e+00
4.988461826973672260e+02
5.883504765927962126e+02
3.621883551223906927e+00
2.905044001421179090e+01
5.748558136878107128e+00
1.083883808437257557e+02
1.043945975658510328e+00
1.729831811382003082e+01
1.082075990950402744e+00
2.208698871354802975e+02
1.740887429646981488e+01
2.971030467940434683e+00
6.558857248285708010e+02
4.847499711184563580e+02
2.008840540313809981e+02
5.734691131479833892e+00
1.305790459846654628e+01
5.555715376713920506e+01
9.579107926806250362e+02
7.571488696895109172e+01
1.779892482779701623e+01
3.802409263847818188e+00
5.047418663011335127e+01
2.434225568143558505e+01
1.762884589914956450e+02
8.720252362300712434e+00
9.289346981929223546e+01
1.614977340871932938e+02
3.507967289861867357e+02
3.361323137044201985e+02
1.087925654915989497e+02
5.898804475263921177e+02
5.655894727572514213e+00
5.498483072138485284e+01
1.164596800363333884e+01
2.122972872483405382e+01
3.866841865588514224e+02
1.264189270938325782e+00
9.183995785467889164e+02
6.426186689402432251e+01
6.424939536442413157e+01
5.603689134618930723e+01
