2.196306433730743635e-02
-3.246197359799815274e+00
-3.326717987664610021e+00
-2.864065992570019148e+00
-2.461082599593576781e+00
1.402689116586299356e+00
-2.302723702192520427e+00
3.808891840424087682e+00
8.175464463772827983e-01
2.043035631871702229e+00
2.128960715621792232e+00
1.561383505793392246e+00
-2.892445250509930510e+00
-3.443814837599147971e+00
-2.906519537828824440e+00
2.544406040318423656e+00
3.529795568858878241e+00
3.069627003052120884e+00
-1.370142205410059155e+00
-1.242519049174611645e+00
1.747678810261403370e+00
-3.903211985465251388e-01
3.178276990648893907e+00
-3.789770269701994820e+00
-3.486714152966418290e+00
1.798435977908654060e+00
-2.202888568012491000e+00
2.199518229752980503e+00
2.727774379248583791e+00
-2.065124085465791737e+00
2.446285167283738460e+00
3.982443795143240095e-01
-3.417597434124806099e-01
3.554613771820822166e+00
2.437231644836340472e+00
-4.051765417834767291e-01
1.427420250092914955e+00
-1.017015540621753367e+00
1.623430323718420887e+00
-1.242475681252360076e+00
2.908686887148166811e+00
3.381066827708989919e+00
1.908776890835127915e+00
3.881670318133247477e+00
2.609171269367353219e+00
2.239078865330080603e+00
3.574068323816688597e+00
-2.122807505973365316e+00
3.643242629956144896e-01
-1.344747484836390505e+00
-5.740316857046927623e-01
1.058658971337326449e+00
1.922504801541522035e+00
7.993212555583948387e-01
-9.977103997643066435e-01
-3.142381340439041715e+00
-1.102163214293554461e-01
-2.340771647230423191e+00
-3.871367811616902799e+00
2.472543810255318775e-01
-2.235811348420391198e-01
-2.123908628123627018e+00
3.747624951363325962e+00
-2.955321397446358134e+00
4.826376362343802739e-01
2.082424131783907839e+00
3.244183442861275246e+00
2.452421585154588968e+00
-1.983304484698485304e+00
7.336167309093566402e-01
-1.047891819224457066e+00
-1.275827236076731985e+00
-1.572828798204385592e+00
-3.175867362270937022e+00
-1.195636187894713487e+00
-3.650693178158457286e+00
-1.536449516138998383e+00
7.108557268835191678e-02
3.123103591857542938e+00
3.489704851956018317e+00
-8.278923579416890277e-01
5.653887743636669683e-01
-1.309388266838364956e-01
-1.562362261842776157e+00
-3.283421996642100105e+00
6.415657536853531795e-01
-3.031630546401106407e+00
-1.884577826966467029e+00
-2.631433023291168460e+00
-1.786791069970626644e+00
2.855540040943717273e+00
-3.434177253844818978e+00
8.856671193035774436e-01
-2.475926567388304633e+00
-2.686636925492602579e+00
1.250769469073658158e+00
-3.694063854400637226e+00
2.505926217531627032e+00
2.615781886223325969e+00
2.359574386540042923e+00
