2.456643234369781936e-01
2.882491041295152989e+00
8.973873873516069466e-02
6.103598221005439584e-01
-3.086530773186897392e-01
-2.425111945286522186e+00
-1.631682800521176979e+00
-3.928179466050047530e+00
3.629222706414485522e+00
-8.318578663704352394e-01
-1.641463458706089895e+00
8.651261717908758087e-01
-9.032664983208826825e-01
6.229262538601032517e-01
3.249600238360023319e+00
3.257581162604902048e+00
-9.170231069370338162e-01
3.516558903531548097e+00
3.077138992757818770e+00
-3.812212408790073503e+00
6.119296922178172338e-01
6.631337186087744584e-01
3.211712868426081613e+00
3.124967603613060696e+00
3.610282538782464634e+00
1.697653155813573456e+00
-6.059288602444921068e-01
-7.681846541489028013e-01
6.686319679642647174e-01
1.457219504295236945e+00
3.194996277224243286e+00
3.738749116976252118e+00
-2.418604533154509184e+00
-3.548994773117611246e+00
-3.583732714886163961e+00
-3.764195771148048486e+00
1.201124496117256690e+00
-5.299100728655306014e-01
5.159983994434176324e-01
3.385844055599903868e+00
3.531869753568829928e+00
-3.700353218199230909e+00
-4.548264811994622292e-01
2.608944796541005751e+00
2.848010531286404579e+00
2.931766893394706308e+00
-2.256318906329393137e+00
-2.265363093007175088e+00
-1.250164410029430684e-02
8.266507943760004196e-02
