2.257663694672165278e+01
4.378863681700285504e+00
7.977587588323112300e+01
6.743376586736713918e+00
1.098526572479610053e+01
1.043816966608836827e+00
8.399496613410869372e+01
1.536889145894948250e+01
5.516848604042132820e+01
1.660336416990239883e+01
2.856081205761977770e+01
5.237091290892872841e+00
3.638251341195626765e+01
2.325815891863058926e+00
1.376316798400972097e+01
5.321686411387283933e+00
8.916095096387186913e+01
2.121456582679853931e+00
1.037919571385646478e+01
9.491212417044968674e+01
1.444264297116315321e+00
3.917136015476125266e+01
7.965837751891820062e+01
1.625902185924817900e+01
8.844679855529108181e+00
1.365037622228371461e+01
3.953597109730208281e+00
2.738767614367684455e+00
2.165389506149842269e+00
2.653348869368744190e+01
2.161541379084225056e+01
1.443443173207781483e+00
3.316028727444541691e+00
1.457913084214363231e+01
4.412612205095017615e+00
2.677910661527088720e+01
3.257884182792241745e+01
8.485764861822685745e+00
2.601389815987770859e+00
3.425636086464437824e+01
7.691655799429911511e+00
2.442801576014602905e+00
1.789288208187115714e+01
2.909297128212570271e+01
9.209970506705790427e+00
9.930990281295727584e+01
2.453013308822171279e+00
4.393184351437537494e+00
4.533573026362700986e+00
4.047428245146472037e+00
4.343387657128675805e+00
9.199956676723364524e+01
1.944225500810004892e+00
5.730912391206610579e+01
1.178240778166016023e+00
1.084550555227491886e+00
9.477994098593256922e+01
5.318138084277802768e+00
1.667191451777684463e+01
2.272281604493826546e+00
2.791571735148715305e+01
2.446302966782317512e+00
1.795744355474649279e+00
6.278372467436535764e+00
8.627343109099903984e+00
2.055929683863802371e+00
7.613836359390692365e+00
1.016513096600498267e+00
6.572580950674742439e+01
1.449602725706513384e+00
1.305125809815500126e+01
6.562344289347585402e+01
1.229837545072906302e+01
3.025187903325497274e+01
1.821666553743855221e+00
7.086430222034512560e+00
3.121659089251934027e+00
1.970148391727583492e+00
8.026150804632539604e+00
1.701339674242099775e+01
5.030113713437761369e+00
2.348177226470296119e+01
3.723949285149243060e+00
1.825984468700594388e+00
9.487981788981931786e+00
5.634032373984127595e+00
7.744534505113183087e+00
3.757476560987386360e+00
1.742764490927904752e+00
1.444717223220441227e+01
2.833188300170037976e+00
1.737495410644908311e+00
4.829093149931639850e+00
6.886095217486341014e+00
9.482091240292491818e+01
1.027193329837160363e+01
9.429922953751180614e+01
2.200085945579367763e+00
8.107900594561812113e+00
2.372526228318307417e+01
