1.334103843119305388e+01
5.671666123922982194e+00
3.124320969060112319e+01
5.660564243960467223e+01
5.008837839395456903e+00
5.453233537477463244e+01
2.075282034332366266e+01
1.746725852383654498e+01
9.432980526470518612e+01
1.566699128935507002e+00
9.941214298021075990e+01
5.362943372739931824e+00
4.439689902926761533e+01
2.634312395557715902e+00
4.500569318073979019e+01
3.709203959835853937e+00
1.001904714595092116e+00
2.191257946039280213e+01
1.054123710744288012e+00
3.637716683968059250e+00
3.013172818449230661e+01
7.701912899794964851e+00
8.670135912814769696e+00
3.515856064496563249e+01
2.005322837140091963e+00
3.622615750374714949e+00
2.342540354572181904e+00
2.885438728360540495e+01
1.650312330319936294e+01
5.692453931182375193e+00
