1.804846140297579282e+01
1.926521897546403750e+01
4.257446889904843879e+00
7.082807921063354684e+01
3.634067914755273687e+00
4.387539450050370604e+00
1.458880026140103681e+01
7.006254924407362239e+01
8.516057586862835649e+01
7.049877119083324040e+00
1.281231499677608632e+00
1.622485949718869058e+00
7.807744800315411737e+01
8.781034265145150286e+00
2.902399631776640732e+00
2.553738782900250115e+01
1.116322103837452318e+01
2.478399211351714815e+00
1.405333239603335116e+00
9.942756326237395470e+00
6.585941951168021724e+00
7.294799964835213757e+00
7.072514024493622209e+00
6.327579322134428530e+00
1.036244366856818111e+01
2.500427078718913787e+00
1.726684849193601323e+01
5.013882355631675836e+00
2.056563874606494835e+01
4.749594269598972573e+00
5.116248069321617464e+00
2.519642752793686924e+01
2.739252491852241178e+00
6.622222863194179077e+00
3.026944195420333994e+00
2.414661748838659250e+01
1.300098737765027934e+01
3.116758474803757561e+00
4.174531299987613409e+01
1.335533022522206004e+01
1.061332029228770146e+01
4.824041360213403351e+00
1.039365400864350697e+01
7.249513675644773336e+00
1.948622452339943933e+01
3.218649619117894645e+01
3.321608770899411667e+01
5.053808919534870547e+00
1.049600162407107007e+01
1.781515015567990634e+00
