2.281622204721337255e+00
1.792826013478530101e-01
2.774040335356459330e+00
1.542620128285784986e+00
9.902948717773050191e-01
-3.959975776760827237e+00
7.365425348949434792e-01
4.439478687737530294e-01
-2.223987795426403125e-01
-1.317245115662271537e+00
1.200514640904399855e+00
1.718456967653722245e+00
1.827216884882632897e+00
3.060391817006797410e+00
-2.337713409846501555e+00
-2.233165561533860810e+00
3.386984492718838169e+00
8.606973946062606018e-01
-3.921922527360757194e+00
-2.633194812474509483e+00
2.598270989100539552e+00
-3.309762644437264534e+00
2.730731939359673177e+00
1.946327986615554728e+00
-9.077310067456956233e-02
-6.691491155456876783e-01
-2.061164318624012282e+00
9.532453785008581093e-01
-1.386005843576381125e-01
1.351317534274221188e+00
-3.590796837120066698e+00
1.110737568822879773e+00
8.333131021457207410e-01
-1.405734174956245752e-01
-1.688284568343335401e+00
3.490886313297843380e+00
-1.574337431284965838e+00
2.371016239117775370e+00
2.586997622722969403e+00
1.349185048946101695e+00
2.834183590644738793e+00
5.976364367636612940e-01
-2.712021085451841174e+00
2.361540274887408586e+00
3.189533972058122835e+00
3.547626059936242804e+00
3.690423117620167837e+00
-3.503756559967393436e+00
-2.945876600252809396e+00
-3.332551605172229259e+00
-1.801726966706684863e-01
-8.160653686088004122e-02
-1.522908191492602370e+00
3.939024105545613885e+00
-2.706035707392365985e+00
1.921995676663262209e+00
-2.583663051771510233e+00
2.401936246116357587e+00
-2.681723756225958155e+00
-8.605155482806070566e-01
-2.883208651042695081e+00
-3.754227892428390945e+00
5.644604751921278307e-01
2.623782967278977196e+00
-1.435612731895572480e+00
9.393815095077808763e-01
-2.917388772176349399e+00
3.929974507427361097e+00
3.433763857144541909e+00
2.702215309821471401e+00
-1.489544706362941007e+00
-2.977722299385682447e+00
-1.653522673453568181e+00
-9.842955884452955218e-01
-3.499921004146325565e+00
-1.568190269904691903e+00
1.095808492198864670e+00
4.433409617469203923e-01
1.619478554130635573e+00
1.903533345001709343e+00
-2.809475252239325371e+00
3.361028721096777083e+00
-2.602956195111870485e+00
2.011589907426115431e+00
1.329538839643066517e+00
-2.437359912837911757e+00
-1.651413058137952916e+00
-3.873429215977606255e+00
-5.753062476988066720e-01
-4.169044249373090594e-01
2.874899282905521325e+00
3.859778082685092926e+00
-2.227745737567565776e+00
3.113423240040630979e+00
2.992297109471762084e-01
-3.345763690346190700e-01
-1.878379471659597399e+00
-8.053977168850030566e-01
2.121760703870618769e+00
-1.896785971152380235e+00
