2.994741951120938772e+00
-2.520730109871275992e+00
-3.208943979757810538e+00
-1.986280033112142185e+00
-2.506146957492421556e+00
1.303418865577942398e+00
1.391915677384443661e+00
3.180570046571098430e-01
2.028215003698408125e-01
-2.680039484288627705e+00
-1.182925921778208433e-01
3.321409631335142443e+00
-3.312658464239681244e+00
2.292983244637394336e-01
-2.177380074206227256e+00
3.172353129150959461e+00
2.571822870467795674e+00
-2.798933762725959618e+00
-2.988115616399120711e+00
-2.436155303170320252e+00
3.976181574848810740e+00
-9.916173824697738226e-01
-3.473799696926367808e+00
-4.920162310381481774e-02
-2.198102227522725549e+00
2.001263620536548160e+00
-3.000328376717362744e-01
-1.723974877841330411e+00
-6.616219067625248584e-01
2.014206969670493841e+00
