-2.245985792041226503e+00
3.078684788935056815e+00
-3.244907666581062777e+00
-8.727366895742454389e-01
1.668368298683321704e+00
-5.603732844507902655e-02
1.970937917009643492e+00
-2.653814934944939807e+00
-7.186532020295155476e-01
-1.786232259108707865e+00
-4.540386892817664943e-01
3.771460772249187521e+00
3.989317303349018573e+00
-2.832715020178119936e+00
1.251052025552355396e+00
2.795874583497273136e+00
1.787172910998370945e+00
-1.522927064921876905e+00
-6.794325938289782485e-01
3.873274146072738233e-01
-2.564098869386123525e+00
1.090726469409553090e-01
-2.700270391720843044e+00
3.356484153800237458e+00
9.698689704863676653e-01
2.038260181527429715e+00
2.371578501516896864e+00
-3.801379304855556640e-01
-1.933960801650003170e+00
-3.459998520688224666e+00
1.401599586716126389e+00
-2.959725793103268998e+00
-3.784084866895956800e+00
2.899305446975197320e+00
2.838435025483818208e+00
5.222778272473806993e-01
3.231973768397236491e+00
3.308277186812974335e+00
-3.343199889857212170e+00
3.199828592704546004e+00
-1.042418314025484349e+00
2.257772224371284331e+00
1.372454624676613832e+00
-2.637471287964365807e+00
2.221725882591546686e+00
-3.764348295298081126e-01
-1.276154623992201032e+00
-2.307668837247328852e+00
-6.099140807222749316e-01
-2.994335427513807879e+00
6.361515699064295148e-01
-3.802293536752902270e+00
-3.225349443884401701e+00
-2.666393364286895107e+00
-1.890009933133963926e+00
-3.890294225156609720e+00
3.310071312193670678e+00
-2.867083745443170351e+00
3.671631170915015119e-01
2.426236859813846181e-01
-2.609638013345784380e+00
-9.617786468598410465e-01
-8.088419086124849500e-01
2.058315262269664103e+00
7.191471682838672663e-01
2.863436146869789312e+00
1.670458712512915334e+00
-2.023033337548601374e+00
-3.001498151188849661e+00
1.006859769235056490e+00
-2.478124624216218486e+00
-3.511079658935517323e+00
-3.881193558614997485e+00
3.185720668778525777e+00
5.145100529376280818e-01
-1.450185884078234899e+00
1.641837831977803752e+00
2.722995034899204470e+00
-3.298408391166419484e+00
-3.298755559237050328e+00
1.203514452919336897e+00
-2.339674956770634751e+00
8.771403051601129874e-01
-3.928536800430896925e+00
-3.446020833641821213e+00
-3.428692491139185172e+00
-1.028599071627185779e+00
3.528247427154558302e+00
3.890073651207083927e+00
1.420877861575143619e+00
2.707605287821265527e+00
-1.028451531574639866e+00
3.599853106228271038e+00
2.991995582908439033e+00
-1.001865953492199424e+00
-1.868349505947044520e+00
-9.022031466056290583e-01
3.940186212871593874e+00
3.135350587110511178e+00
-3.323230702307357731e+00
