1.463695254555780778e+01
3.047712329308869705e+00
7.562376960197538267e+01
5.942064064945348889e+00
3.260533598871025784e+00
4.628200833254788904e+01
1.507532150931612591e+01
5.968381437371373011e+01
8.346876233277340518e+00
4.808476166597602486e+01
2.662758359483013137e+01
4.910107704265778494e+01
1.123820566025733569e+01
1.140842303911162503e+01
1.322403948689432118e+00
1.537271027705444659e+00
6.866539598230852448e+01
2.384573762340467251e+00
6.994404665221381379e+00
5.921462621705372698e+01
4.464784758628264960e+00
8.317554412054292357e+00
2.130831699123763467e+00
4.153384206261802092e+01
2.945920953618017979e+00
3.009644840426870616e+01
1.186680414418702867e+00
3.441179204822120852e+01
8.294041698201527879e+01
1.574525879624596669e+00
3.671689890440217763e+00
4.122504708147224761e+01
4.385566605099692872e+00
5.116110774119624338e+00
8.787511006390646529e+00
1.641228187953720719e+00
1.760743244907605920e+00
5.103808090220677229e+01
6.939802983551925308e+01
4.719219463861230679e+01
9.925542586655271293e+01
1.007636331021360965e+00
5.469278226351560690e+00
1.627648582856028625e+01
2.365845277114086542e+01
6.340736875868218902e+01
1.665094001938685153e+01
1.102901930296583721e+01
4.011492188912112056e+01
1.200434165514316120e+01
4.595806933130005234e+01
5.429714639352421557e+01
8.375080650362286860e+01
1.122465180762509362e+01
3.186757829090063865e+01
7.082920420427997499e+01
1.529616235045424766e+00
3.308269929185387070e+01
1.101125515093658436e+01
1.108067154616421801e+00
1.101422806388968922e+01
1.017088383612349212e+00
4.597028877203134023e+00
1.153676278196083693e+01
2.952732044059100502e+01
1.229447436133993987e+00
8.578839569084171046e+01
1.839769596037122312e+01
7.022145209594719439e+00
2.653147250371725274e+00
1.366201566576956905e+00
7.436196559064077860e+01
1.903496488377998119e+00
1.713315614503714723e+00
7.326311067685817413e+00
2.723330539281499707e+00
4.421288294483076697e+00
1.218772880980475426e+00
8.424625971701873439e+00
1.934443382025096803e+00
2.781156390427551361e+00
1.879175185933313941e+01
4.509809821502516058e+01
6.882471401241670605e+01
2.930007300749288746e+01
2.987581852861988452e+01
1.438894500684075695e+01
5.369563125725576924e+01
6.303016400865588764e+01
8.184703312680601073e+01
1.732608511637055315e+01
2.215639021361830530e+01
4.203131191405636713e+01
4.836657053366779735e+01
1.689279066402363227e+01
1.003955248946415146e+01
9.248399948338949628e+01
7.739867466229277682e+01
3.038519391408208925e+00
8.880241976951518623e+00
