7.858383156671666647e+00
1.267524044666036254e+01
1.586287011679303083e+00
2.914564325079326057e+00
2.581724024498350811e+00
2.920578519130533834e+01
1.585950657248770046e+00
1.841861053045693142e+00
3.006949320807893855e+01
1.019030277393371042e+00
5.900196766620101840e+01
4.294966915360153514e+00
2.287727030404758111e+01
7.101376688241392010e+00
1.237413287923998073e+00
1.219591213583269163e+00
7.342213666284371776e+00
3.843037149551206344e+00
3.041986217220657096e+00
1.049535221120992734e+00
2.504622224604663216e+00
3.102586028624454073e+01
3.034769686671128675e+00
1.761072146309576425e+00
1.240673046959997627e+01
5.423160642351714245e+00
4.546703804281158057e+01
1.513186012977667083e+01
1.770257096708999223e+00
2.100244069104736866e+01
