1.593125910115244181e+01
1.042238179061438785e+00
6.284371568830306565e+00
7.474260022839635198e+00
8.894163363212324214e+01
7.554097888641972958e+00
1.600292814004015440e+01
9.833649751496556846e+00
1.123184535493536629e+01
1.140110420262460567e+00
5.136827493634181252e+01
2.918634633016806035e+01
1.152650831306740820e+01
7.351246045788863981e+00
5.928037349382821475e+01
2.897045828940464141e+00
1.396931913438969630e+01
1.722945313839208836e+01
1.496438463859541379e+00
3.102098239360929988e+00
5.812346303063886666e+01
1.706083375745454989e+00
5.855934751300992502e+01
2.229995171312225821e+01
2.430789103858404232e+01
4.607507887581608230e+00
4.313217198922314921e+00
3.994649076500069285e+00
4.915280851242899374e+00
1.199807814462538813e+00
8.800507293211788351e+01
2.550846418768895418e+01
7.551451852420073863e+01
1.478139961571366001e+01
4.378113386735544310e+01
9.035157476894011097e+01
1.283020720164925166e+01
1.503276784418453005e+01
8.575806309753545520e+01
1.689243398559855613e+00
2.171913239010491381e+01
3.191512204897677663e+01
2.976588766169515665e+01
2.603652160458093778e+00
2.081249171432870781e+01
1.026423415384124382e+01
1.089272901338308008e+00
1.383374157330804266e+00
2.296024658521516670e+01
1.029332089906645464e+01
