1.639997455440781238e+00
2.039587897303920094e+00
2.415955954276796547e+00
2.435724978392500795e+00
-1.336559062537460818e+00
-2.488305455697103596e+00
-2.787706894438666261e+00
8.527908553798528857e-01
1.079176782181356486e+00
3.146709410471454582e+00
1.855430486618590002e+00
-1.690300125728100511e+00
1.519967670473214127e+00
8.083272997203314603e-01
-1.494041143689087470e+00
3.052315823254368787e+00
2.718468120229718288e+00
-6.144578949718928484e-01
-2.876901118397857005e+00
2.658621085148728191e+00
-7.934947179161966346e-01
2.546217510070735379e+00
1.713275540998333568e+00
-7.124677856996468606e-01
3.935037559367237314e+00
-2.964531908211904820e+00
1.504926431309412393e-01
-9.229254100604000755e-01
-3.181061500734436720e+00
6.156789456228777269e-01
7.898102432161939745e-01
1.345971218117322898e+00
-3.588880322288237501e+00
2.732989160350699720e+00
-1.532740635783364169e+00
2.996774400856325293e+00
3.586741318759618657e+00
1.952738916690016424e+00
2.460108062484636093e-01
1.043244146552324558e+00
-2.566798448736681948e+00
3.793260969817541017e+00
-1.412004486273576553e+00
1.885841708888722934e+00
1.078107932022093429e+00
3.760090189411159578e+00
7.216729097307270635e-01
3.911591762868166455e+00
2.764727952700191338e+00
3.361362226216521698e+00
