1.568567818077921672e+00
-3.865674044501032469e+00
2.436160723503014935e+00
3.040519682402411661e+00
2.367675736455137070e+00
-1.955637916079178140e-01
2.791117748666008147e+00
-2.854196066490111150e-02
3.678815245963960479e+00
5.670004739823051310e-01
-3.636688516312952757e+00
3.480189162352470333e+00
-1.075337661869523842e+00
2.825329044978624360e+00
2.555149451010901629e+00
2.562118990915892347e+00
-3.788448083835883828e+00
2.676138703162600940e+00
-5.779894060147201529e-01
-1.099914238877985895e-02
3.085911320003434710e+00
5.158174784971834015e-01
-1.926845594930264305e+00
-1.492775327309763256e-01
2.191870811758552584e+00
2.483095159319015366e-01
-2.686290108801969723e+00
-1.816816635011280212e-01
-1.291328258465167522e+00
-1.505054657280558317e+00
