4.253787662046140383e+01
1.307388662945020030e+02
5.637314367050523600e+01
1.066259182981668108e+00
1.472846912509364188e+02
1.750863497224536935e+00
1.194645244731995035e+02
4.134869565361664456e+01
7.378162904520561369e+02
2.070835910784355463e+02
6.108450603906961263e+00
4.532358565113962179e+00
3.258799704295758914e+01
6.611262289904366263e+00
1.253152216502781791e+01
2.222938728747436699e+00
2.764547119285690080e+00
1.361882441436008939e+01
2.190848943566241935e+00
8.245823712951813604e+02
8.063856191703118270e+01
8.169081148805263481e+00
2.371493591718086975e+02
8.421416560263341466e+01
3.255706852606933808e+02
3.301967743940067521e+02
1.010164223660298255e+01
2.945746020375771081e+02
1.103582455558248743e+00
8.587617642252561723e+01
