2.934641199868916139e+00
-1.525847419349175560e+00
3.350500044420408052e+00
-1.700285342059573601e+00
-7.701240668172646409e-01
-4.573721028733199745e-01
3.932131216665560203e+00
-1.266949609984536984e+00
-3.359152337786178499e+00
-1.800638313899424858e+00
6.867245311073668645e-01
2.027179028982385667e+00
-3.336377583287051252e-01
3.537796232972022281e+00
-2.228518002431241207e+00
-1.202452084088707629e+00
2.192369779234819127e+00
4.499721380605450349e-01
1.527134075676564784e+00
-3.765094604388573352e+00
2.187850978326622453e+00
-5.211898355901523061e-01
-1.360254255556568204e+00
-1.965874531085571419e+00
-2.463174103652114866e+00
-2.951557575584787152e+00
3.971081854766727481e+00
1.013473434643635152e+00
-4.229884209972132325e-01
-2.717061866880456478e+00
-3.958393734937002861e+00
-1.549299608284431251e+00
-1.269248806023174581e+00
1.828118303949748835e+00
2.447150798801503768e+00
-2.587033393321907404e+00
1.513564003722573048e+00
4.775246456959880703e-02
1.673177835127186874e+00
3.698203517260858497e+00
-3.310547758014199538e+00
-3.844562361471118628e+00
3.145268120045725979e+00
-5.341120321701104956e-01
3.255276606251386262e+00
-3.564014548168383811e-01
3.850009975111094107e+00
-7.798485169228746017e-01
3.254354212186594708e+00
-1.173146236065528925e+00
-6.365065675996461891e-02
-2.938406985053999776e+00
5.541768694843804965e-01
2.573043676671924906e+00
-6.090454414506005776e-01
3.539225358858888448e+00
-1.021783792309934213e+00
1.753888299407674545e+00
1.398611652310224329e+00
-1.590020605970033252e+00
-6.085750829217584368e-01
-1.216662501416760911e+00
-6.737371796724342943e-01
1.877042098574738027e+00
-2.451788234576985914e+00
-2.065625125690097263e+00
-2.412635406038579511e+00
1.799966800935536071e+00
3.043170886019788135e+00
1.680303192619827968e+00
-1.624106058203808267e+00
-1.838204826134933079e+00
5.820235061314482650e-01
-2.424384501798905411e+00
1.941628623468438342e+00
-1.354536313227349353e+00
1.753448226315769354e+00
3.633474712451652877e+00
-2.461858559887570408e+00
2.545069174497239572e+00
-2.888303258171367460e+00
-9.979568198981700888e-01
3.521527986754468209e+00
3.806815177124982519e+00
-3.748340374411919917e+00
1.915820066475701466e+00
-3.331428241757958375e+00
-3.356656695713888361e+00
-2.447742804856201104e-02
-9.189799359090304876e-01
2.132264369308798813e+00
3.224756427479598564e+00
-2.777107759263204301e+00
-1.403840555775188292e+00
2.047900616382969829e+00
-5.323598151025903391e-01
4.662270525025267176e-01
-9.636574570846994092e-01
1.585414232688402869e+00
2.723738777850698511e+00
