6.134786688400941657e-01
3.232999288210924860e+00
1.130738899985630930e+00
2.349780846255595357e+00
-3.565931507992153193e+00
1.448039437655426198e+00
-2.479218863206407164e-01
-1.802643484776379701e+00
3.123817580620947609e+00
3.438513649410613660e+00
-1.282368142647391629e+00
1.043957199152707460e-01
5.892024448118249325e-02
-3.046835805610445647e+00
-1.850398461999390065e+00
4.716135979467050987e-02
3.593662728091076453e+00
3.562842102296947644e+00
-3.562495241701958193e+00
-1.609863625842674395e+00
1.403096493260921562e+00
-2.342704253556179950e+00
3.854202952814107519e-01
-2.798703514707736595e+00
3.025093662667843297e+00
1.303659100280930794e+00
-1.564223162004775070e+00
-1.354276537299354821e+00
-3.275310887146110517e+00
2.639615349525744392e+00
-2.534277797226470952e+00
1.214894231141829373e+00
1.128811674776215135e+00
-2.220047279813336161e+00
-3.562506946705445543e+00
-1.045155106938203460e+00
1.600279078528136445e+00
-2.840276925200933889e+00
2.178819291969815275e+00
3.117902545163128813e+00
-2.423886335066494979e+00
6.546942333079392995e-01
3.686787864370812962e+00
3.324847840664333809e+00
-3.759363838177330663e+00
-2.783421904531470759e+00
6.069529713653576408e-01
-3.887497407226927493e+00
2.890251239232650704e+00
1.159453510829657752e+00
