8.531462763153916740e+01
4.098789842522182880e+01
9.699864672540341459e+00
2.035705509016670192e+02
1.117779868940227317e+01
1.385195523497871939e+01
2.145647645111506208e+01
1.986695067119516489e+00
1.465513955973004556e+02
7.844536492187100976e+02
9.253226457944613514e+00
1.343500605687644622e+00
2.555632498592398960e+01
1.940086670219995710e+02
1.284063995120934276e+00
1.003919203786530101e+00
6.791829153452739298e+00
1.800472162443391921e+00
1.162542715905725288e+01
1.901938234074942224e+00
1.418393003108850747e+00
1.680669867556543018e+00
1.767366272268968430e+01
1.648280729087048968e+01
1.126138929173344128e+00
3.238835747447354585e+00
1.348249130872729395e+01
1.205216577260408144e+02
6.119224998980120063e+02
3.617597723078794729e+02
3.521263680859044030e+02
1.124850321018955839e+02
4.688482337608316897e+01
4.702785233170841650e+01
6.299669289403678540e+00
9.408864991955635304e+00
2.828401613364557576e+01
5.539326700459990427e+00
4.771086507796275633e+00
9.875538211585633164e+00
1.368573946919758422e+00
2.259020966918247098e+01
1.219804731347368261e+02
4.739000089061421761e+01
1.045943308275714578e+01
5.526717798097218974e+02
1.021317631166929418e+00
1.966100495696668560e+01
3.896191275865801273e+00
2.702979844887993810e+00
1.409353115010268720e+00
1.303605802017824944e+00
1.619801074738913371e+02
6.255213761951499691e+02
3.372523184023103227e+02
1.934584360597268793e+00
5.827597884848618293e+01
8.476121970369523524e+02
2.737236008956697333e+02
1.192436815974963649e+00
1.018535741796232230e+02
2.754437819253024244e+01
1.580687524320261161e+02
7.941011719655016066e+01
2.678325474033646181e+00
1.227599938096045840e+00
2.152019692581418564e+00
1.840854864694019284e+02
4.242237522844635009e+02
7.945482794663849546e+00
4.800549640273469088e+00
4.394262710357085666e+02
5.912263341006571693e+00
3.484179411871230059e+02
1.494712064711033577e+02
3.511320588232239288e+02
3.535924621609995597e+02
4.530765589982144093e+02
2.384592517636372477e+01
1.036064001422800231e+02
3.235749172043821176e+00
1.918603377774465546e+00
3.733189875910421733e+02
3.972954483465808266e+02
3.936505420010242506e+00
5.787646924981693530e+01
7.087629507197087619e+00
1.249353940746981095e+01
1.658536152176609733e+02
1.669369409435390139e+02
1.154811778036073662e+02
3.342843627205942880e+01
1.375414663828684247e+01
5.268120987624926101e+02
2.968231460138041289e+00
8.555128068404076203e+01
1.875087060599959088e+01
3.787047125496899298e+02
1.872994390600707604e+01
3.540067902992921489e+01
