1.330370426022074337e+00
5.782975006025451670e+00
4.374738945525576739e+00
2.597662213455531166e+00
1.541011072570241147e+01
2.889713145366850995e+02
3.904534473222179614e+00
8.410531376671359638e+00
7.504369941762635499e+00
4.632999861066261928e+02
2.415456497676126730e+02
5.283985909680843918e+01
4.179012024636357978e+02
7.132272878828188141e+02
9.872706986806700513e+01
1.631177867707816587e+00
3.739213809204936467e+01
3.007044971352162310e+00
9.749828664960225524e+02
4.409218427370113318e+02
1.013329907907161811e+02
4.142428348290484053e+01
1.170267864263823787e+00
3.520845594111428909e+02
8.923609459655858700e+01
4.144032857186705598e+01
1.137671388123764116e+00
1.256611889706481966e+00
2.006421695992453458e+00
2.741818426605075842e+01
3.483280753086568780e+02
1.001394767974714455e+02
5.513679709842968180e+00
2.911412168885638607e+01
1.249679455660147553e+01
1.388932474928532734e+01
2.482031767653461145e+02
1.753370247964384454e+00
1.752909996019424455e+01
8.698115578026349795e+02
1.157539996382348724e+00
8.941219262879101848e+00
1.401683838688672745e+00
6.965284664937026946e+02
1.432933246584515352e+01
1.639603900090697897e+00
1.650838435995399367e+00
4.820039544005217635e+01
2.762568099326143667e+00
8.498564778034028677e+01
