-3.736747449281977218e+00
-2.897863774065658760e-01
4.984317837007345986e-01
-7.092213012242085668e-01
1.057184474795242579e+00
9.206571745564930964e-01
-7.475338477994704078e-01
3.736615509770530252e+00
-3.874862289911964019e+00
2.615804602226408981e+00
-2.919360089222672094e+00
-2.413263460718617637e+00
-2.071718356623558854e+00
2.480043806390166417e+00
-7.076402407728643595e-02
6.004160370062345820e-01
3.480120246913100956e+00
-4.133889889905821846e-01
1.892205828926464051e+00
3.741882426637782366e+00
-1.231953194688666819e+00
2.976435050427411966e+00
3.559511558765818151e+00
2.635543799733853554e+00
-3.493270481494431756e+00
2.934395144500117070e-01
-1.662420952145637898e-01
1.222786611811019775e+00
2.704933067825940896e+00
2.635081747502979965e+00
