2.071824773953708387e+01
7.084336151068051812e+00
6.645722945781243141e+01
1.743659100928971251e+00
1.529115822349829479e+01
1.863586716321341763e+00
2.990315157986773720e+00
1.024074297688144064e+01
4.440093715592279722e+00
6.221733759683076670e+01
4.701078151709639386e+00
2.514544360065905870e+00
7.616663870113939083e+01
4.782482946422688030e+01
5.294982281989733863e+00
4.702424332189739431e+00
3.270603601146569162e+01
2.174729715300337762e+00
4.176046805436297404e+01
9.562660009096740055e+01
2.493090808390173763e+01
2.255736884524954800e+00
7.951953776559842879e+01
8.435897008430513822e+00
1.733638882749852783e+00
4.981475475705640754e+00
2.403517402448382967e+01
1.677245027635361652e+01
8.468653944107964904e+00
1.200570021963512923e+00
7.184416935012526650e+00
2.057565715206008505e+01
2.869291172205879814e+00
3.162063034132971406e+00
5.934698137581748689e+00
4.227311506323562895e+00
1.339077975177444868e+00
3.010527279087494179e+00
3.206244936849559934e+01
3.170933705790617552e+01
8.917899125179896913e+00
4.078240894278076567e+00
3.441495129208203707e+01
2.818072906471333994e+01
9.874339295268205419e+00
1.619787185571945187e+01
2.223457465586499993e+01
5.151616832653751032e+00
2.401613477424777443e+01
5.863928736891117488e+00
