-3.833576257454328839e+00
1.328634919156858274e+00
8.495936813091411466e-01
1.953766610754880340e+00
2.659665040260509983e+00
-1.003946859626706711e+00
2.624720195620479757e+00
3.660834161309536761e+00
9.525961962349756007e-01
3.780542309874181939e-01
3.717992786870835786e+00
1.936177387913280867e+00
5.454521871303308345e-01
-4.842730692812624582e-01
-8.285110451612185400e-01
-1.312094028402973400e+00
3.407726975637157096e+00
-1.492492942804020117e-01
3.620471145798084045e+00
1.570410845565944236e+00
-1.317814621427262800e+00
2.549714875766197153e+00
3.555234114305537929e+00
3.909481697889842344e+00
1.220146600025564965e+00
2.022565678231977415e+00
-3.289385637136141405e+00
1.120441064925737251e+00
3.786001843592934790e+00
-2.424778335901861759e+00
-3.099725619832890189e+00
3.384003069117645701e+00
-2.163834774783858883e+00
2.929250052890680855e+00
-1.647685112323743262e+00
-1.060132297737093054e-01
5.294331498173407979e-01
-3.387794225794780623e+00
-1.753887463532550761e+00
2.903292034721303594e+00
-3.309452992435953256e+00
2.805790446648639858e+00
-2.650905184639844592e-01
-1.384290260733551214e+00
3.004840937692588199e+00
-3.465656030418385214e+00
9.965974288213876875e-01
-3.320256606241413166e+00
-8.965280672499291725e-01
3.827704245668933858e+00
