-4.616663310678097432e-01
1.542675107295591097e+00
-2.722712437163467669e+00
1.571401107453152868e+00
-1.452422868979457604e+00
-1.670000391022121278e+00
-3.602708595169759498e+00
3.266581500755945555e+00
-8.821950827457420985e-01
-3.849473272286668468e+00
-1.592680346576984540e+00
-2.384546808248137140e+00
-2.842250884898450458e+00
-5.101907984661657736e-02
-7.284661169577697493e-01
-3.896383982152418213e+00
8.250251574984215353e-01
-2.873743268245939397e+00
-3.060021978755175454e+00
1.549153038668267257e+00
-8.221965907789741124e-01
2.905456953311002621e+00
3.110063772206238752e+00
5.932876891297214073e-01
1.574171556266068528e+00
1.415081664021239582e+00
-1.658936422370727470e+00
-3.397551666446586793e+00
-1.642445517937840549e-02
2.083726045092478607e+00
-1.898126645077136132e-01
-2.394700419270812120e-03
2.609399614104016329e+00
-4.997349981532721586e-01
2.510474453160319364e+00
-1.055679251137560115e-01
4.048178062840213087e-01
-7.115545854129532444e-01
3.065893523553180344e+00
-3.404438472864160126e+00
-2.512076629762699298e+00
-7.273492430744479265e-01
-3.885319809778948752e+00
-1.321282102783523982e+00
-2.509751602885696542e+00
-5.942020893600057363e-01
-1.728751988188808042e+00
-2.965169436645047618e+00
-7.945135156476874627e-01
2.543345998571204802e-01
3.819938258517452390e+00
-1.300465818083003100e-01
8.020179696226312771e-01
3.450456306597261324e+00
2.774068839548348819e+00
2.639624406987679528e+00
1.562728630162011356e-01
-3.305002598604472652e+00
2.842449278066020213e+00
3.179900786855191619e+00
-2.289963886068705712e+00
9.469343712217979103e-01
2.132396533655822601e+00
-2.607439742996327858e+00
-1.589475236855618867e+00
-3.779225634776910425e-01
3.614394084498536053e+00
-3.552307642666471033e+00
2.485935261708723587e+00
1.869896023095539483e+00
3.622488239636560081e+00
-2.972523414773791117e+00
3.767311430280143369e+00
1.489168509724990486e+00
2.777735879914891015e+00
-3.031145801284240271e+00
-1.467907905463704310e+00
1.431280534908811575e+00
-7.669713186873909905e-01
-1.437094505569671554e+00
-1.051174350792338785e+00
3.864298548794066868e+00
3.682109005795286549e-02
-1.990673190030575412e+00
-3.463469683947220545e+00
-3.204587327783059436e-01
-1.813676346333532585e+00
2.105922536554788671e+00
-2.801994473289098231e+00
-7.995784102315255382e-01
1.013038433522668313e-01
7.144959917675448580e-01
-7.341880354372847250e-01
-1.093864893997298360e+00
1.392295044622271938e+00
1.462571391003075760e+00
3.787715652988009829e+00
2.127641461332290262e-01
-3.801806272090392902e+00
1.235492100470677812e+00
