9.141157331578507694e+01
2.771693258584407005e+01
4.397936174955374256e+00
2.182102477709938260e+00
5.335239241645649777e+00
2.511574503867104724e+01
3.722673537556605794e+01
1.574872588860646294e+00
4.152233451545246368e+01
7.581618481373917362e+00
1.222261980760424249e+00
8.414297792229956485e+01
1.060999679761378545e+01
2.030920003888854186e+00
9.420167721733260890e+00
7.071670961689959256e+01
8.632606987793946018e+01
6.550956617785597302e+01
1.208900384845164933e+00
2.477482056359220142e+00
3.510447507150523005e+00
6.375294596627280441e+01
1.127225652367569353e+01
1.036926533229838654e+01
3.574536318605797902e+01
1.732957254299777361e+01
1.622671091040830404e+00
7.417038842396055998e+01
3.698582997450227339e+01
2.836744389798211685e+01
