2.855574076742148470e+00
8.735202796245555845e-01
-3.676898350985526420e+00
2.320579346123623488e+00
-1.454563250426936349e+00
-1.207072138834242025e+00
-9.991305153812808371e-01
-4.275428536681857850e-02
3.041348900333519900e+00
-1.983770659398253144e+00
-3.441198823606710810e+00
-1.454915785928883487e+00
-2.704128651247256876e+00
5.882574823404942421e-01
6.760351560694397577e-01
2.955696778558722926e-01
9.872615757803764325e-01
1.255279511902493539e+00
-2.015483905910801177e+00
1.700326486646226876e+00
2.512970580835281353e+00
-1.277465746981719441e+00
-2.267427757811592670e+00
-7.560802809038769112e-01
3.736695276734705473e+00
-2.244735822839138528e+00
3.886521459666017364e+00
1.915435648942422908e+00
1.880287858013003799e+00
-2.435378866489691596e+00
