4.585538383848647470e+01
1.747586029843841260e+01
2.264820317825977014e+01
2.024998481563700992e+00
3.411398512452894494e+01
2.700113777156514239e+00
3.314535471187511462e+01
1.850178776494092459e+00
4.286861243737635441e+00
1.361646606382151958e+01
1.176254533815110115e+01
1.379636675630136367e+00
1.307063267189154887e+00
3.302104985982470708e+00
1.307301115156660032e+01
1.320683533023508893e+01
1.606028623558878987e+00
2.166497297319325455e+01
1.686122473870721672e+00
1.346943795360324492e+00
8.972414794174939701e+00
2.533969951525994446e+01
1.514126620211834640e+00
3.061705222175704932e+01
1.974938019022616942e+01
1.908397836978661610e+00
2.309908707064881384e+01
1.659256215745950769e+01
5.427190581101783096e+00
1.353512243376568058e+01
2.025346494296127631e+01
1.539731690299961997e+01
1.005617773141145399e+01
3.900570680279231794e+01
2.208327254984958543e+01
4.687645623812287710e+01
7.815011965962122886e+00
2.662277904090642355e+00
1.893764133581709785e+01
7.311951679302660523e+01
3.897596616962178473e+01
3.741739135717271125e+00
1.504543470329932520e+00
3.342746979342787483e+01
1.774157079253165392e+01
4.142298147224212812e+01
2.815157287669987962e+00
1.228718862970027192e+00
3.692245242415546080e+00
5.449132582516519108e+00
4.837486437746299828e+01
3.005900883733130247e+00
2.229842408462117120e+01
6.404258754023257438e+01
1.542770908745400460e+00
1.963993649747051373e+00
2.484666627312056875e+01
7.659857073753745915e+00
1.526289282183233675e+00
3.429556563081138876e+01
5.862934097101352648e+01
9.188819495795615921e+01
2.265532391099560172e+01
7.515117996199035133e+01
4.937051850593082492e+01
4.657198524512976689e+01
4.285425663840143073e+01
2.501592886849262509e+00
9.940759398894339682e+00
2.391910022214278797e+01
2.410466381331174635e+00
2.291912852343207518e+00
4.299875937920853630e+01
1.804743199565077338e+00
1.744914290392709333e+01
8.620358636498062310e+01
1.599868153241915003e+01
3.737938811766227332e+00
1.774101061928047507e+00
1.426139163989832648e+00
1.498757299791490460e+01
9.056658748414642801e+00
3.605699089191315210e+00
2.389038206876451298e+00
2.804554481688404710e+00
1.173768140936226390e+00
3.630657926868471552e+00
8.826922320555468104e+00
4.559951928597169513e+01
6.105254144713512687e+00
4.348930548605803637e+00
1.925462762579770226e+00
2.524712756716778195e+00
4.381488643873473166e+01
6.813607254600809959e+00
1.847314587916898532e+01
2.083724118712645179e+01
6.059233972310184235e+00
4.508748615017067252e+00
1.731410253434466995e+01
