1.748678627796005358e-01
1.765220917942091461e+00
-3.144679869094781921e-01
-1.042289176755719637e-01
-2.040431822743826729e+00
3.726344577766824706e+00
3.181587303550319490e-01
-7.860921190419274396e-01
3.329164900091451607e+00
-2.340539492916325237e+00
-6.424088966109993137e-01
-2.319439239076656278e+00
3.144531233133812442e+00
-1.564126685385143212e+00
6.383188783765687546e-01
2.401433537153471853e+00
-1.485891498022603230e+00
1.642926845868497132e+00
-1.760601451249061533e+00
-3.311005038234156039e+00
-2.096912866425394206e+00
-2.331878037628305478e-01
-1.261517817062388858e+00
1.147776902043001535e+00
-9.683518994126938395e-01
2.187963579449009544e+00
-2.729330068177964641e+00
1.538647898088696842e+00
-2.539089074432783200e+00
-1.667895948136994377e+00
