1.459743996485935336e+00
7.093713348632721960e+00
1.581133393156521905e+00
1.540743083014061598e+00
1.604324689680078819e+01
9.331795274481372360e+00
3.928327670541452932e+01
5.725132007211091434e+01
7.407962398710462359e+00
1.700551134127549346e+01
6.193373454381093524e+01
1.553308874818415175e+00
5.589961444262427648e+01
5.187713147941791192e+01
5.172425784823670369e+01
7.066220746835559119e+00
2.573129442751783813e+01
1.175222982774844604e+00
2.747863417653775997e+01
1.512402613788998984e+00
1.105956382883153344e+00
3.283165843949970508e+01
4.499969762709394416e+01
1.493993344596825423e+00
6.416520002649410515e+01
7.490536218654562539e+00
5.180055207360759084e+00
9.220539982010345170e+01
1.120720225472590981e+00
2.306558514606380683e+01
