-1.245363921978626109e+00
-6.509071406065150001e-01
2.360451187933652051e-01
2.177335873442400427e+00
1.084114246901110690e+00
-2.421795455583440670e+00
2.723912273623697367e+00
-1.127840820298611213e+00
1.895812915058773029e+00
1.093210438084478930e+00
4.312164254359069915e-01
-2.085156130706464772e+00
3.005365673430024032e+00
3.527533475833722676e+00
2.356424426661810401e+00
-2.417773847643019280e+00
3.221549560563172321e+00
9.317691671713568269e-01
2.636803710249910004e+00
1.302792602633445540e+00
2.620525837066782771e-01
-2.920052796035288445e+00
3.954857546645405009e-01
1.098811567548087176e+00
-1.141111848537605056e+00
-1.413980288180573197e+00
3.742530197212892595e+00
2.999765507232130091e+00
-1.863047235447421457e-01
-1.314053835976994655e+00
-3.422746764384552165e-01
-2.154078876175218760e+00
2.440492742124202863e-01
-2.924467023725100034e+00
-2.164787233739500216e+00
-2.204279320207076509e-01
1.816399360424952647e+00
-3.634486339664657173e+00
3.667230798159539340e+00
2.256537581885516452e+00
1.473130644339731177e+00
-2.133900579295964661e+00
-6.358657299897059190e-01
2.329261029314202425e+00
2.705695513544879915e+00
-1.479853165404174220e+00
4.343218883902277838e-02
-1.433499436578908437e+00
1.275467662059399210e+00
1.701043434887499650e+00
-2.169808788835549507e+00
6.624455618047369043e-01
-3.674251747570913551e+00
2.323610482645028341e+00
2.415848346283382853e+00
-3.924155057037578942e+00
1.756750305364680464e+00
1.568568331173816333e+00
-3.562527156884154778e+00
1.993251907277667989e+00
-1.655292754967874203e+00
3.753041035171511552e-01
2.524753830641212282e+00
-2.834235513337588941e+00
2.678864241940534185e+00
3.380873598260931701e+00
-3.300335171303451887e+00
8.711397661981354901e-01
2.037964850483269252e+00
-1.993472894675569762e-01
2.855303925632027173e+00
-2.809121805021921325e+00
-2.586820797604047151e+00
-2.643916100455381724e+00
-3.521400322292256746e+00
1.234166351061294797e+00
-3.368299443099321167e+00
-2.714189242045732087e+00
2.643980248580582781e+00
-1.440968693579745441e+00
-3.175830965022056418e+00
1.763203868907834426e+00
-3.892495977697144838e+00
3.689611138105908239e-01
-1.265845317389102220e+00
5.467214299497502594e-01
-3.099470069656229398e-01
-8.253331058832902301e-02
-3.572618610302663811e+00
3.468195866736645705e+00
1.153123756055186355e+00
-2.321750888478045560e+00
-2.729711974724604140e+00
-3.195392216734767032e+00
2.120459332358464621e+00
2.919599381684102823e+00
-2.747441703415927527e+00
2.594394634520762466e-01
-1.779319076661005639e-01
-1.795585777901980151e+00
