-3.475928469959225886e+00
-4.957030793988472794e-01
-2.104311879829365850e-01
-7.865932598351061955e-01
-2.164802743005297181e+00
-2.947601325767772451e+00
4.120203772762014438e-01
-6.723535648640561746e-01
1.584535987849417182e+00
1.196893380442902277e+00
-2.805482317046664065e+00
-1.122746874207316559e+00
-2.572737534048123109e+00
4.174148230715459817e-01
8.578728498519501144e-01
-2.272218623581340857e+00
-7.093965070497691983e-01
5.127045222203294728e-01
-1.443657707163677806e+00
-3.760554671127347426e+00
-1.391205908224142362e+00
2.221066066689553864e+00
-6.186567010472536765e-01
2.261507465394605454e+00
-3.999407564447319707e+00
-3.621056155620276051e+00
2.093642051403773685e+00
4.070898656537602633e-01
9.101560605044749508e-01
1.497822091049566318e+00
3.983565630398702595e+00
3.730801377507473759e+00
1.536760335989410642e+00
-1.929187584528460064e-01
2.639206969994400964e+00
-3.066897220072890562e-01
-3.331341182311414073e+00
-5.788081091315300242e-01
-7.143949486507930047e-01
-2.196235371632752731e+00
-2.581912858447889647e+00
5.401249120778857105e-01
-4.928846560118040898e-01
-2.341092783413477818e+00
-1.699507939043792604e+00
2.981808902103155745e+00
2.806787640178385779e+00
-1.794040072180948187e+00
-2.637234051932245471e+00
-2.469549263717255805e+00
