1.825797139122257562e+01
1.153397135777516569e+00
5.488169744693870911e+01
2.273833551361733640e+01
3.385333782628349830e+00
3.236722345555151481e+00
1.410857105963388669e+01
6.152392701895779226e+01
1.412094433257791160e+01
1.970367991216881265e+01
7.500333961815974249e+01
1.273192696384816580e+00
4.916515499359707064e+01
2.086727021771196622e+00
1.191882876609164477e+00
7.626831342071500330e+01
6.800872550260908156e+01
1.992904417682180185e+00
9.942434210803821770e+01
3.430510611825243217e+01
3.931286841319421299e+00
1.242796895801825485e+01
2.581479559998142825e+00
7.953780069530543528e+01
1.362947200524356584e+00
2.038728507492248099e+00
2.210279170027422424e+01
1.286062951298305501e+00
7.965838091933110832e+01
7.220237083940050127e+01
2.365419780615720224e+00
7.823463092662358065e+01
1.542057294325158701e+01
4.526740984254116640e+00
7.196127395396675297e+01
9.885197930049876902e+00
5.162897272161635520e+00
1.404284735791347138e+01
1.752653963123812986e+01
4.439723645359988780e+01
8.512425396469940608e+01
3.524951326358988890e+00
5.808909643666016365e+00
5.494711555107397771e+01
1.799541480777848079e+01
1.040624067051525437e+00
2.020365697295399166e+00
2.115639092807759969e+00
5.119185210186764756e+00
2.610039824521927443e+01
