2.655817873944471330e+00
2.338290431721401319e+01
1.389365069640087436e+00
2.119279724140050547e+01
4.464548096322239701e+00
9.127678572508571619e+00
1.273051846491922934e+00
1.084018215044681277e+01
4.435634904149118540e+00
2.416633785847105642e+00
1.872373282740295908e+00
1.055325685078966735e+00
1.042291700722679071e+00
2.790396701047680850e+01
4.412166228877376284e+01
1.483132248240776896e+01
1.192196142499006850e+00
1.569830669849234583e+00
3.081901895499628452e+01
1.130429962878183536e+00
2.290693364023005785e+01
3.258025885156067147e+01
1.676220534262505391e+00
1.051534478344725132e+00
2.783121157587061134e+01
3.721866432283869042e+00
7.792598916002339671e+00
6.694885151287488156e+01
1.582727723590708635e+01
3.215793973733113376e+01
1.938671460636850341e+01
1.022688474790718161e+01
5.038712921049493332e+01
2.825658021717121926e+01
4.414884406155798580e+00
1.005745546194695450e+01
1.229235380248190568e+00
4.702775865675621780e+00
2.307437564704405641e+00
2.348685671413354381e+00
2.583174705366193535e+00
1.864880965294491322e+00
1.504842524459767539e+01
1.685140295456769977e+01
1.626856085151991094e+00
4.933869067185393753e+00
1.526239912977540847e+01
7.498663249039788070e+01
6.650795847993632037e+01
7.382092718118799191e+00
1.296476443653935773e+00
1.042494923234902116e+00
3.140922954393287725e+00
2.415411001216855880e+01
9.520489241532092706e+01
2.026561461845449053e+00
3.091409397171101858e+00
3.959168672777058617e+01
1.628431152625280021e+01
3.989187134614359032e+00
1.063794210279406727e+01
2.995341840122689447e+01
1.185634834680061012e+01
3.381293109219933513e+01
5.810359548264955265e+01
7.503962959198210214e+00
4.330325175643931601e+00
2.377900201191949670e+00
1.540519461417479308e+00
4.561749829480247875e+00
3.009484257894974846e+01
3.987320819089644175e+01
1.376950043869153362e+01
5.266523507787058023e+00
3.580812480525824348e+00
4.841652501966064648e+01
4.130680787224713768e+00
2.947844166682254041e+01
6.263923445683941793e+01
3.760139904945508427e+00
3.924755676821215733e+00
3.617930830996116498e+01
3.642357566907284649e+01
1.396992932851397029e+00
1.950724101921924802e+00
1.171093926216703718e+00
1.604928625075846327e+01
7.073536567466541669e+01
8.324717591020478835e+01
8.312236709227791565e+00
9.729573442846955800e+01
1.638497170877010634e+00
3.389399170320031018e+00
1.382199874063254974e+01
3.313334481521446939e+00
3.095499911147271632e+00
1.502129712784263305e+01
3.834912330235505351e+01
6.674979658735575860e+00
5.812342697405037839e+00
