3.073003254946440066e+01
1.451676979339049822e+01
1.131493547522470244e+01
3.752029044845973882e+00
9.419997340888501469e+01
4.751068279326381649e+00
7.278983665788342705e+01
7.630860241424554147e+01
6.138975603002235992e+00
9.166461872665688304e+01
4.581553591964085292e+00
1.053033275934095947e+01
2.752530981687530698e+01
8.294877155578419092e+01
7.579013435478627514e+01
1.885473188347163287e+01
1.834526464909338905e+00
2.730656725227072101e+01
4.495905948781549455e+01
1.620180826230108506e+00
2.479768621429454711e+01
1.512977500498843053e+00
6.062529595215499256e+01
7.659562993229115158e+00
1.476419029996584698e+00
7.782715075805819005e+00
1.458554395060148678e+01
7.665454261710981143e+01
2.109949636982832999e+00
2.222144625987556665e+01
