7.060905254578278445e+00
1.327918694242921305e+01
5.060391048560970439e+00
9.314452238547476171e+00
1.713535301964535629e+00
8.158909067009338045e+00
1.421506027930496785e+01
1.669896657576340315e+00
7.701619997283397367e+01
1.508839729156402854e+01
4.093820856549591269e+01
6.758355199577204075e+01
7.833225071931761363e+01
1.211982352410485753e+01
2.855792389881235849e+01
3.005566728694562872e+00
9.397843007191060849e+01
6.079283811632498313e+00
4.421931726667483531e+01
1.149538195761909520e+01
1.039161844816180391e+01
2.934860692119666226e+01
2.974521303529748550e+01
1.559035915481064682e+00
1.207079724895052442e+00
6.639068404937282786e+00
1.379520979980806672e+01
5.239400483180955526e+00
3.859436510929445774e+01
3.083257392615541104e+00
2.097521989897904149e+01
6.033838341760672819e+01
2.370463042761281169e+00
7.282534820034339873e+01
7.729073340638788636e+01
4.685691421307524962e+01
4.510491986884047400e+00
2.156728277731804422e+00
1.840017031069058717e+01
4.703160502067611759e+01
3.823877268098259208e+01
2.159922794580260597e+00
7.169094236353821259e+01
9.244369214598742701e+01
7.357018641788955371e+00
1.801886324079642421e+01
8.285774720578417885e+01
7.454955957574335912e+01
6.516405963976575322e+01
1.624376130145380959e+00
2.028184224261639468e+00
1.614479954193094313e+00
3.029437751127415535e+00
8.054367138355772227e+00
1.707282681394201029e+00
5.003800820312129360e+00
2.546790861311478693e+01
1.520097217536030421e+01
1.642828699926550229e+01
6.350349419472087753e+00
4.007650547929052287e+00
4.655508260793798314e+00
3.139482699309628533e+00
2.028996789785258326e+00
4.719455001198459954e+00
1.396908471775336391e+00
3.253212761252120089e+01
6.105797596117728432e+00
2.793872294660292965e+00
3.692137218293655110e+01
5.189653706823514234e+00
3.765735258161327437e+01
4.132480487762804522e+00
2.041623892887533032e+01
1.527385292955546348e+01
8.466045045801949698e+01
2.838136374828288844e+00
2.468770987036899811e+01
3.376764711521072826e+00
3.311892696748535769e+01
2.149214476639867311e+00
4.653337441904901617e+00
2.991829048068469721e+00
1.647206566779783943e+00
8.916316657995668038e+01
3.231063722004168692e+00
2.746561780319844814e+01
1.354992394562847924e+00
1.536875053155349446e+00
2.249312164331636943e+00
8.754258350224608876e+01
3.218127820500075131e+01
8.537766154388094719e+00
5.547810354254637311e+00
5.304381492255669883e+01
4.217634301069767666e+00
2.324491358505125227e+00
7.424555093105636772e+00
1.602542412669001548e+00
3.275291587154950435e+01
