1.410867104343012768e+00
2.233741477854729141e+01
1.605455305825375234e+01
9.262873353981575519e+00
3.789681933341660258e+00
3.711858115658578328e+01
1.283191007174500164e+01
3.063196807232837671e+01
4.551720130314860313e+01
1.457022551212387995e+00
2.450106686850828197e+01
1.646882760154678493e+00
5.408039619476117998e+00
1.140354977460742525e+01
3.023620689005886764e+00
2.080233800761891239e+00
7.609392533194468911e+01
1.496186896283859014e+01
6.418071915870459065e+01
8.947728785225018910e+00
1.814985201341760002e+00
8.150419606771729164e+00
9.936549762087047100e+01
9.839866038833207540e+01
4.560711536683673728e+01
8.454560131042849491e+01
3.060947014066857719e+01
1.151420648694755133e+00
8.378020955432434747e+00
2.384269072447805282e+00
3.230162131771993295e+00
4.200452219048464997e+01
6.472477022415995407e+01
1.310822668429845272e+01
2.827990528733432818e+00
1.129120468611143480e+01
1.648043246426228903e+00
5.840289996906957271e+01
3.938803104259648080e+01
6.248247892701923689e+01
2.745622126828691556e+00
4.870398113607753032e+01
4.138545806143189232e+00
7.714688114646274464e+00
1.376380184276889551e+01
2.889509017859447582e+01
1.553724940824766243e+01
3.350690936172581047e+01
1.436886371415959207e+00
9.115331097036541763e+00
