2.872464191119455279e+00
-1.681195715492682652e-01
2.595104982454688347e+00
3.454036784670810434e+00
-8.323328486546026639e-01
2.257924266680321423e+00
1.530135236856785319e+00
-1.220443574723404367e-01
-1.574611822896061497e-01
1.641277327181315471e+00
-2.729132738224935295e+00
1.961490874105966675e+00
1.208986115277062012e+00
2.462835600658777047e+00
-3.321826398459609919e+00
-2.601040310557380053e+00
3.701132760308992076e+00
2.323617814644239665e+00
-3.182104942223964450e+00
-2.790376851499347666e-01
6.561264955961023659e-01
2.784841012449893682e+00
3.150456529725212285e+00
1.103903887789989824e-01
-1.992308853226586685e+00
-3.542434530247405178e+00
-1.632033944070102827e+00
9.531966072528170741e-01
-3.950620400763415141e+00
-3.900866697185606746e+00
2.183789945232503804e+00
-1.206440199120179635e+00
1.493603932764642650e+00
-3.978783887069226921e+00
3.382672422904855480e+00
3.243655770612314804e+00
2.576573407074171485e+00
-1.617472454495068490e+00
3.922215381978144677e-02
-2.711067793211011434e+00
-2.963875174791197331e+00
3.977394385862289106e+00
3.101662295071007769e+00
-7.472723228177953203e-01
-1.166223806969297172e+00
7.905785274351622149e-01
-2.566308673860907774e+00
1.205898293112292130e+00
2.289933087648532428e+00
-3.183979389150033867e+00
