8.927700742724587357e+00
1.437726291065280293e+01
8.805431775189097721e+01
5.897929431919251897e+01
3.087515460690526403e+00
6.155017090192341556e+01
1.065386191454564591e+00
2.474669958062686348e+01
2.672676997639383156e+00
1.310808220639499488e+01
4.345404516783093030e+00
5.382822395049323916e+00
6.103328691175752496e+00
3.515965150812229822e+00
2.722976545632640910e+00
1.352158648770509863e+01
4.052759773310450342e+00
7.046085581720370250e+00
1.585293980070635378e+00
1.902660424763981117e+00
1.165520235710137964e+00
1.567723239575172656e+01
2.641420759022661713e+01
3.002703104955914970e+00
8.673999170757311106e+01
9.837161093846310322e+00
4.142761623047073272e+01
6.487172713384407707e+00
2.013583367150360459e+01
5.259101399125715659e+01
1.078073917833386242e+00
2.639707117164029615e+00
1.491552196296277444e+00
7.819142489017289677e+01
2.960306185021571679e+01
8.131155521701788302e+01
3.517246736125444695e+00
8.153808439252820506e+00
5.224561835067571991e+01
1.267734572576524954e+01
2.163925826791866402e+00
5.527172363630912244e+00
2.316982285773070416e+01
2.369848263934158084e+01
4.796794507183878409e+01
7.968388651267749978e+00
7.638794955447358426e+00
4.353566812412123710e+01
2.567593612398911063e+01
5.036557465774107811e+01
1.797210879199931810e+01
3.603602832838020475e+01
8.017870935376684827e+00
5.365048039911498989e+01
2.669995444313697952e+00
8.732979266342667302e+01
9.998378948750842099e+00
1.886127221836605372e+01
1.381227777646621524e+00
5.064014567565666880e+01
1.742684185742173320e+00
4.644588041513877386e+01
6.548861779733748278e+01
4.401888172178311187e+00
3.950447739053030816e+00
4.260260033065208951e+00
1.134975581469289230e+00
8.891908667954744772e+01
2.221460682638276651e+01
3.607471180084935725e+00
4.427852794432017625e+00
2.194278772684850054e+00
1.651100063525383987e+01
1.995607582035405558e+00
7.269985749809955600e+00
4.650999457664613423e+00
2.210506034497121775e+01
1.285940237195047686e+01
2.824085433045206983e+00
4.860243251293594113e+01
3.251431743268836527e+01
3.563247935710091951e+01
6.800127316179504078e+01
5.717221434496880583e+00
5.977958797111199374e+00
2.740801940762583655e+01
9.645613201140031734e+00
2.971234426394597961e+01
6.644760737378705429e+00
1.974042283486616256e+00
1.085278444175731272e+00
7.747027066610213808e+01
4.410943447989970068e+00
4.997770890730367910e+01
1.058841789615666995e+00
2.014845430518855807e+01
2.317636451849159585e+01
3.152356190528581337e+01
1.828082269044925567e+01
6.867006031269238697e+00
