3.936063815508317631e+00
-3.864424144595608013e+00
3.881394504362079445e+00
2.402037456453563813e+00
3.232502860676381928e+00
3.878914696299858633e+00
-2.784423480451445165e+00
-3.215609949973621262e+00
-2.871384311019409274e+00
-2.908232426265666248e+00
1.971846781867691689e+00
2.037610502820543346e+00
-3.578753390727473338e+00
-7.498820037871265498e-01
8.963454089291138516e-01
-3.976527005639342249e+00
3.028411524990409553e+00
-2.424167160491018436e+00
1.364610018318916929e+00
2.867742930592838135e+00
4.369609338063460413e-01
-5.455363282622665011e-01
-1.292880144424318090e+00
-3.163742969407648431e+00
-2.467697319056334493e+00
2.459251621193976334e-01
-3.320338277791882398e+00
1.961214415661673982e-01
-3.982655509717991649e+00
3.670659224560469447e+00
