-5.674728988181989564e-01
-1.827411129635637010e+00
-1.207365682608828372e+00
2.357610551252724562e+00
-3.922293446554260044e+00
-2.391008471243623923e+00
9.030751047357288286e-01
-1.129552091080052278e+00
-1.241830867532689453e+00
-6.000815463812783079e-01
3.096706144717678910e+00
-8.236714228452424180e-02
-3.908276251226314280e+00
-3.731471387355661307e+00
2.927898011933194766e+00
-2.795689611740714398e+00
-2.739760133360895189e+00
-1.042241409299199617e+00
-3.890509439511085077e+00
-2.299338050234876363e+00
2.679441009330006729e+00
4.736062007173496013e-01
2.125122785866295771e-02
-2.340238394296483726e+00
-1.324731855368556310e+00
-3.256369897993241835e+00
1.049699827466842983e+00
2.624591786163569473e+00
3.700983461295632715e+00
1.851041095590485241e+00
-1.322018559829841067e+00
-1.040911010154527361e+00
-2.311233254011292537e+00
1.144955642921567929e+00
-2.410209574923696252e+00
4.898571933013524671e-01
2.697909230083059384e+00
-3.653694193686323644e+00
-3.568740170179252935e+00
1.273402227593267710e+00
-6.124064784971974262e-01
-3.764018893507490304e-01
2.787741363641718095e+00
3.327247250555065428e+00
1.978394380152466603e+00
-1.394763278807866769e-01
2.095381092438090676e+00
8.572297109206479249e-01
-3.736560694731040577e+00
5.643469673527761188e-01
2.676781489075388265e+00
-2.282958396042301885e+00
1.716405989968648349e+00
1.033074368984840063e+00
2.247584702597160700e-01
-2.447427567733885034e+00
2.550849565423961351e+00
-3.807182611420214968e+00
-3.953946887447820302e+00
3.963643078947289844e+00
2.436321239067453348e+00
1.040338301658104925e+00
3.649476271767559510e+00
-3.103867533546941893e+00
-1.643563339432231984e+00
-3.549236817845901726e+00
2.331320524767388491e+00
-3.666963711213444554e-02
3.745609764436236055e+00
2.923743420122922210e+00
-1.374859378999817139e+00
9.536904987079575235e-01
-1.805280850131202541e+00
1.656902922564713165e+00
1.258507651119503912e+00
3.064384238117412451e+00
1.220429151300320925e+00
-3.433139015792382231e+00
-5.516007985705231320e-01
1.657905225805885507e+00
-3.221449722534856619e+00
3.144179434476983559e-01
-3.191803405647323899e+00
2.267321450069689881e+00
-1.170367628082455980e-01
-1.164702210448372632e+00
2.004521825117674183e+00
-3.660749269809548956e+00
-2.028935886065948324e+00
-3.983292291742317914e+00
-3.340871959690367099e+00
-1.729342259132279125e+00
-1.436930067698731328e+00
-1.858575688903151502e+00
-1.056069883517523955e+00
2.763611432529538448e+00
2.990972852628207335e+00
-2.660974563979412011e+00
1.046146493408873113e+00
1.173128299838908539e+00
