4.200627114032237586e+01
1.444032438573893984e+01
1.416873562501323125e+00
5.178014285297949826e+00
1.540773661493846980e+00
4.793634215752756056e+00
2.551227970424450220e+01
1.179733499769587635e+00
1.284599949949282172e+00
4.816097434919197617e+00
3.120276990142269113e+00
1.831056701019409871e+01
2.126635276200754632e+01
2.375632334415508584e+00
1.071207329561850585e+01
2.956377984008893733e+01
2.721605232027853649e+00
5.725387981000705651e+01
3.168837925357743046e+01
8.679931886603526436e+00
1.710203374520440578e+00
8.006795980814477076e+00
1.533590303466558558e+00
2.351883723676969851e+01
1.827138032658534073e+01
1.827711432822460580e+01
1.414259408094910908e+00
4.057753024255040586e+00
5.167807047361443473e+00
3.918866454542906297e+01
8.402180301247950567e+00
3.038402512632422159e+01
2.258246175220003238e+01
2.709457274815636296e+01
1.598753325688368587e+00
7.772952790855656602e+00
8.404535682336751634e+00
5.391288812126106933e+01
4.216728282772309377e+00
3.281289343351402721e+01
1.164974352047366768e+00
2.336184936990097327e+01
2.784341807260680479e+00
2.504429804986332719e+00
1.816458308858254211e+00
5.925016091446630639e+01
1.844160934904523685e+01
3.240776372422798346e+01
6.165528267441177768e+00
2.037700782241847808e+00
