-3.580285314750991432e+00
7.508016668750059353e-01
-1.440242450785153672e+00
-3.961943724821598956e+00
-2.879897683316568369e+00
3.925905556490024040e+00
1.082168183409226714e-01
-2.985562995602477621e+00
1.925539997384747792e+00
3.526788016586772656e-01
1.847738009012317661e+00
2.000324024131329814e+00
-1.627871108553706314e+00
-3.221598640005139735e+00
-3.917723503250612360e+00
2.947327750688941705e+00
2.069157127955217668e+00
-3.083535167055954318e+00
-2.977184135054119274e+00
3.274076260798163496e+00
6.908135865147313481e-01
6.128063051163969988e-01
9.941864782525833277e-01
-1.735800274269513999e+00
-2.758213929368146466e+00
1.482929176142249617e+00
-3.958587275194903832e+00
-8.234327123377935820e-01
8.531200324084506903e-01
-1.196544499285932872e+00
-1.963622824120014876e+00
-1.046517589003133075e+00
-1.346191345629765834e-02
-2.100810895415921919e+00
-1.972267016638954651e+00
1.812714224425741705e+00
2.657865403361650003e+00
1.142244190949206484e-01
-9.312327272901610442e-01
-3.155158964653799636e+00
2.794777539314778458e+00
-3.860647870230324408e+00
1.570041351038851118e-01
-1.475174259029749635e+00
-5.625471910177459733e-02
-1.121529956401108308e-01
-6.121216709607963935e-01
-1.483644770903132404e+00
2.148657808149291526e+00
-2.584246691948807850e+00
-2.148208661850217638e+00
-3.573759768205952092e+00
-1.227779794819186421e+00
-1.522499355708394120e+00
-2.737032898807845172e+00
2.323360427536855788e+00
-1.016722755134757961e-01
-2.634398854035747028e+00
-9.263393576529512785e-01
1.325260262035010683e-01
-2.350517479913795782e+00
-1.309826136885892112e-01
3.842706714058747863e-01
-7.174107642055949086e-01
1.089377946243016204e+00
1.951523473456250102e+00
-3.874612640300551192e+00
-3.178896719352394484e+00
-3.882544013990665732e+00
-8.322524459591544854e-01
-6.285301767975859377e-01
-2.965314708841252589e+00
-2.876514734853980571e+00
2.630577882367185261e+00
-3.707419314231287899e+00
9.185828788263945555e-01
-5.915005503153611954e-01
2.832928251917305573e+00
3.367183937606545996e-01
-1.409658102812047176e+00
-3.505468507234974496e+00
-2.068147273431502953e+00
3.731843668171221928e+00
-3.647931888851368321e+00
-2.404733711805286944e+00
-3.838125140207972130e+00
-2.547189198340984007e+00
1.810202303639083077e+00
1.348342611345756836e+00
-3.707292147231617818e-01
-2.322705049995352766e-01
-1.069022225136403215e+00
3.438939918435570675e+00
-1.050713579882486037e+00
-2.042891385355766865e+00
-3.066139613427006694e+00
-7.337223258933347481e-01
3.445195576498084833e+00
2.601808988623138141e+00
2.336202437489198758e-01
