9.041146017837455418e+01
5.277230157082065887e+00
5.742263558254256495e+00
7.621611460885763734e+01
1.346953468011462762e+00
1.330644398807748097e+00
1.098744691241771099e+00
2.453123755378274318e+00
1.539716841523114388e+00
2.533469912966350712e+00
3.537497908005541092e+01
3.537272536332928041e+01
1.375259426279427188e+01
4.217247644687491004e+01
1.397845185472781715e+01
4.884723710465092950e+01
3.710777048917465404e+00
1.432330414353336145e+01
1.436560630499756908e+00
3.600367730843765823e+00
2.182857207646184516e+00
6.937859966971031689e+00
1.178047585058569346e+01
1.648557456992078940e+01
2.954700256498088429e+00
5.391223108656978624e+00
9.256954600078019624e+00
3.833677716211910536e+01
1.611816525568006808e+00
4.879039316856037090e+01
