3.373177536039543511e+00
-1.628788678169962978e+00
-3.066499070064228505e+00
3.455807141416027406e+00
2.551308607983182597e+00
3.695449764085756428e-01
-3.731028298877074434e+00
2.868467985120537911e+00
-1.373494122330450651e+00
2.893425939014812265e+00
7.087421039796977240e-01
-4.060272260845714243e-01
-5.674084297118247022e-01
-8.682286437012614044e-01
2.152799217272702847e-01
-1.133607786032603926e+00
-2.231083392379717978e+00
2.814992515338230916e+00
1.252697534081076647e+00
1.705301026675822840e+00
3.167107201885602130e+00
-1.262157283357551840e+00
6.881702672313343427e-01
-8.126779027604777994e-01
-2.006289710630259293e+00
-2.356475694839347490e+00
-3.814069712148908664e+00
-3.389424348873578019e+00
-1.166258982966184909e+00
2.717952252383483369e+00
8.745648566391874823e-01
2.225673715748473391e+00
-1.522107961179387736e+00
1.830968436098356023e+00
2.781932392894215234e+00
-1.033703199458693156e+00
-1.688413829559895163e+00
-1.405113317001207562e-01
-3.595850400928179980e+00
-1.763329249213259509e+00
3.575310137791307241e+00
-3.953858617812800347e+00
9.673504908132564140e-01
-3.980235098394734550e+00
-1.400131193841616550e+00
-2.184410280179036157e+00
7.982878789791145735e-01
-3.387647744420304363e+00
-6.826482208764534931e-01
3.871307076221739862e+00
