2.609805169291715465e+00
-7.013262641903166283e-01
-2.714154629837175037e+00
-2.185593577041207602e+00
2.655580454802260348e+00
-8.342204020426189359e-01
-2.651746288534018170e+00
7.327463188405491934e-02
-3.958360927228983250e+00
3.807524370729202801e+00
3.444176048794433953e+00
-2.678959897015520397e-02
1.209693369458826773e+00
2.919213748364291483e+00
-8.035611633665942222e-01
-4.315262012369380784e-01
-1.329343676513087935e+00
-2.851098978522409233e+00
-3.048657314458466772e+00
2.353738287839465038e+00
2.735711422827551864e+00
-1.774358506180647943e+00
3.827923161791854767e+00
-2.432598665877042876e+00
-2.011500004709221301e-01
3.486568553554272754e+00
-3.098153749320022854e+00
-1.134539945176493703e-01
1.099967373184277619e+00
-3.035964503551728200e+00
