-3.307048506709845626e+00
-2.885077989955271427e+00
1.389093428608839886e+00
-1.190163053009359651e+00
-7.846336023903068835e-01
9.239124916172549717e-01
-1.363592907630465589e+00
3.160964065504039411e-01
6.026805799752734671e-01
1.279823923240515526e+00
1.590857754203678809e+00
3.244783918702722758e+00
-3.721149947408138203e+00
2.444850643881864016e-01
-2.375453143270957135e+00
2.393555696170047042e+00
9.361025979162933552e-01
9.913890224907024873e-01
-1.581564690483623359e+00
-6.034811873739291954e-01
1.351322298797525967e+00
2.540253953438640799e+00
3.781164223310308437e+00
3.565169082497578579e+00
3.806640848034419378e+00
-2.204270136687303427e+00
5.446480798271053914e-01
1.852676096881022971e-02
2.945845525295690770e+00
-3.313400615328805365e+00
6.437027135095911845e-01
-3.750098721320822115e+00
-1.311972869700844591e+00
-1.514140587022152928e+00
8.728552179173423298e-01
2.980504123782244719e+00
-1.136509878167295540e-01
-1.179906997429293725e+00
-3.927285793623708443e+00
1.873196450356578779e+00
1.540158157140108841e+00
2.553086283268481971e+00
-5.857467597608820853e-01
-1.503919746498936227e+00
-1.950278218202730507e+00
-2.630896849238901325e+00
1.976893771384571785e+00
2.833657144869995648e+00
3.378532722378191799e+00
-1.633956869849955140e+00
-3.658349076907381203e-01
-2.814084888799044393e+00
-2.514115934550716247e+00
3.335851662753432478e+00
2.857417748832908444e+00
2.569166232034946873e+00
-2.930264274194041008e-01
-2.440316554965141549e+00
-3.536008408027981886e+00
-3.719488927280885093e+00
2.926508616351135572e+00
-1.508365054346119116e+00
2.612227964014484094e+00
-3.778490919588918473e+00
-3.128544908294611737e+00
-1.042479075898503638e-01
2.480949984014797494e-01
-1.050252603966949749e+00
2.381176311510831312e+00
1.617148075194513979e+00
-3.704444965865771877e-01
-3.701725694331510219e+00
2.475746059088320017e+00
4.453834861066612305e-01
1.435117893238277986e-01
3.328726881218413425e+00
-2.043963712442466552e+00
-2.075945567825458582e+00
3.690646762210148424e+00
2.489923412031007643e+00
-1.157050015783023689e+00
-1.314143177488507064e-01
-2.022906403937656528e+00
-1.615833866266650709e+00
-1.579114240282231130e+00
-3.439739335366815531e+00
2.481130534406830179e+00
2.781863586951776490e+00
-3.998800644071359933e+00
5.539753341206310466e-01
3.486487769179343665e+00
3.558933539269284019e+00
6.501906128727430456e-01
-2.448316465299869904e+00
-1.184865623204128582e+00
-4.146856084351933092e-01
1.444891931017632913e+00
3.391224562567783707e+00
-2.550556982534557982e+00
1.939652665011935895e+00
