-3.300536019490341033e+00
3.919543314064790174e+00
-2.782800615973848757e+00
3.615397995605843739e+00
1.077686164567261073e+00
3.689217366370323603e+00
-3.195758693757061231e+00
2.089652110907532112e+00
2.609925915576563504e+00
2.312880830947308120e+00
1.865698963630482154e+00
3.229756035213408261e+00
-2.157114344350313573e+00
7.692153345434515899e-01
-1.046277853913260003e-01
-1.032539075518269733e+00
1.575932720958422628e+00
3.397452526899187752e+00
-3.817184571679355543e+00
2.833560432935340323e+00
-2.236806501605013153e-01
2.384403749844334897e-01
1.423410070869040922e+00
-2.877544528046013461e+00
-3.134852984373157625e-01
2.280243786602920153e-01
3.741698295275858399e+00
-2.975954817393259511e+00
-2.593105037737610807e+00
-3.502062372583170102e+00
-1.158940854961565847e+00
-5.520594245669423472e-01
1.673827924240196552e-01
-3.675391931587707717e+00
3.165913442216278462e+00
4.885545550837999684e-01
-3.923753678028359282e+00
1.148755317849413871e+00
5.444582767995669315e-01
-3.974746822088331299e+00
-2.838815642961161956e+00
1.640112675776014051e+00
-1.751039592902229103e+00
-2.131292716836213685e+00
3.922829856001543547e+00
1.457636089717593286e+00
7.011945636333809517e-01
-1.470407939282933896e+00
1.243735331069005134e+00
1.050893704119371108e-01
