4.079498562033298015e+01
7.294349878058426384e+01
3.504562785006186232e+01
5.288824153628068814e+01
2.130189326216388679e+00
2.679662420998104810e+00
9.334180755312669930e+01
2.460745447840883315e+01
1.539627186210552612e+00
1.377209164104686190e+00
7.541726019625481570e+01
1.083646913321790173e+01
4.767414059422745254e+01
1.669092739035025375e+01
8.560074086241890257e+00
1.042550345508922938e+01
4.397278891067484707e+00
1.410680049073220754e+00
3.469016781527839655e+00
1.173252753323806186e+00
3.351659822969006086e+01
9.594366485122813515e+01
6.776277760868767075e+01
4.087900337843132093e+01
5.212606501776024359e+00
1.977000212759878472e+00
1.810391278730605435e+01
7.390170549290560942e+00
1.216343915787029495e+01
1.664612827843281195e+01
