5.230858229012615546e+00
7.570709940889493339e+00
1.027372849693497958e+00
3.828647915934899970e+01
7.071656130924163008e+00
1.218292533803583710e+00
6.582294869670002768e+00
4.413890012137729357e+00
2.471969385360987204e+01
4.926245360210005941e+01
1.159906718672792270e+00
8.706882109322791052e+00
2.872458966995808538e+01
8.961997743059068711e+00
7.195049005842254530e+01
1.133848133632813315e+01
2.743549341616849446e+01
4.365828744958627539e+01
1.850070693073259775e+01
5.138869171996833529e+01
3.081065092828114249e+00
1.310942801886795905e+00
3.907737412975903712e+00
5.734329772266281111e+01
9.677054059447000256e+00
7.041128349879856785e+01
1.032566835461850907e+00
2.160343501963734258e+00
1.662038374742080382e+00
1.201038204399328890e+01
6.095137650063675494e+01
8.770460619808298830e+00
5.527188904665732316e+00
9.018434134531251090e+00
1.153191218453109679e+00
4.848361370495204881e+00
2.716389067832661208e+00
2.378403850898090255e+01
3.391370175610322946e+01
2.710554914339351473e+00
1.879415318994058559e+00
1.797094734703369001e+00
9.376248911212120163e+01
4.401351872317156477e+01
1.594234813812120244e+01
8.158188542925554287e+00
1.507845817279421219e+01
3.527393089558736428e+00
1.414469536202506150e+00
8.512698332150820946e+00
