-1.221517560929589408e+00
2.975998332083975129e+00
1.616817324750356555e+00
-3.735308096191185534e+00
2.920495282705283913e+00
2.319119450865696486e+00
-3.524812452949650954e+00
-2.084451130121082407e+00
-3.130412321854727509e-01
1.836620644833708127e+00
-1.753053073804358597e+00
2.147792829476988352e+00
1.109868927958618023e+00
1.825607114453014823e+00
-4.679136525076872388e-01
2.815598743236108703e+00
-2.194743065171877561e+00
1.165354199708135141e-01
1.003157985931517615e+00
2.194596136860027080e+00
-2.343206055130472976e+00
-1.941509071437849343e+00
3.836825919412453878e+00
2.729583146929262405e+00
-5.417866352537510366e-01
3.174113795589942555e+00
3.443554275578520674e+00
-3.088285857639775145e+00
1.085553412128898998e-01
3.038786656821739207e+00
