1.571458595588376994e+01
1.271418645910235456e+00
3.603660887369320420e+01
1.675060049340535429e+00
6.633995106808391995e+00
1.791847102551165705e+01
3.262652830380105229e+00
1.485739701095943666e+00
3.679563055566271146e+01
2.002942354820127591e+01
1.041937518888791603e+00
6.337138612156255846e+00
5.001358838241869620e+01
4.076988132261506692e+00
3.626051255822498831e+01
3.434516781933236018e+01
1.033838130424108659e+00
3.664999943559615758e+01
4.584806946638556369e+00
4.424516778739922884e+00
3.091488018994365206e+00
4.049031620124350184e+01
5.328080192778905655e+00
5.636384028076990127e+00
2.042667115884657036e+01
9.351835736321923775e+00
1.919341331614237234e+01
1.840504294251454454e+01
5.613043542593733726e+00
2.328382151793389809e+01
1.004610587265918342e+00
3.079042009541664626e+01
3.426297313069282424e+00
6.320005818572449385e+01
1.724743306638086082e+01
7.160714518105100623e+00
6.333144064109449189e+00
1.429519846045349984e+00
1.310862886893583479e+01
2.394118095929822498e+00
4.945797101211800140e+01
4.905026158132002223e+01
3.913396796368716402e+00
1.501273631113848150e+00
2.417775491860803871e+00
5.221135879371752608e+00
4.514297671065648387e+00
4.003783255114965556e+01
2.096535280695928982e+00
2.712092831909127710e+01
8.771052544366585835e+01
9.849259412235510069e+01
4.341881515963188320e+01
2.107387395789447737e+01
7.091081757831371846e+00
1.576466054604113687e+01
2.396923012324050362e+01
2.550884336967553168e+01
5.604564323456359354e+00
3.483873364010493301e+00
4.775674522174058723e+01
3.676040580607522035e+00
2.432726515819128466e+00
3.102478864334357933e+00
8.173057060170195953e+00
2.923994779481857620e+01
1.381814062975572099e+01
1.128301340511904627e+01
3.391623275860673203e+01
1.934279773979248107e+00
2.327997244967022183e+01
2.503781867732070232e+00
6.577842647518519215e+00
2.780467002896169326e+00
1.651405418555811799e+00
1.626752914753470280e+00
6.208705704507292644e+00
3.303949629846775338e+01
3.002038638172856988e+00
7.127449129919528836e+00
3.571777375976526514e+01
8.729095832468031446e+00
9.519736213792988622e+00
7.596248175246715917e+00
2.524839979573144877e+00
1.026285218694302559e+00
2.533807071643371156e+00
7.440515701445406194e+00
6.857550400785190448e+01
4.715466727578392359e+00
2.510559238659100689e+00
1.008828210083502874e+00
2.449004669121469391e+01
4.578037752841646046e+00
7.897917277236422251e+01
2.625726679216758175e+00
3.749748936416533951e+01
4.802467375900184798e+00
1.387533984695811640e+01
2.886243781562727762e+00
