-1.508714194265932562e+00
2.667358822591261003e+00
-2.648849711630843373e+00
2.622978754602018014e+00
2.862886468269829621e+00
-3.099961125166642795e+00
4.020101446610757634e-01
3.784024905005621164e+00
1.089507682130058441e+00
5.101623419558141137e-01
2.582094674686054248e+00
1.537749250640256804e-01
-1.746715731685994477e+00
6.112032193572023431e-01
-1.550204425935597818e+00
-1.426031618303351678e+00
1.496115979686685193e-02
3.392105469497036729e+00
-1.045584040711471374e-01
1.773768088453301139e+00
-1.832297678863139545e+00
8.661656665857702109e-01
-9.788453732589816880e-01
2.959248809410494729e+00
-3.789708292507977028e+00
-1.982993061158030201e+00
2.671409778653946354e+00
-6.073667897739056798e-01
2.607268508226274761e-01
-2.997294956810137023e-01
9.816896612468406502e-01
8.134857105389672327e-01
3.640035951181957330e+00
1.838825380238810148e+00
3.078704084809520403e+00
-2.978601435783484241e+00
3.199613070181452024e+00
2.112793187658572158e+00
-1.145574938916346319e+00
3.310752169442017667e+00
-7.447595447041033268e-01
-1.372008811724637845e+00
2.123949532720184052e-01
1.415757145404539230e-01
-3.102533026948854911e-01
-5.329230462243481625e-01
8.769661429596489199e-01
-2.433925213019669798e+00
-5.259438077102362996e-01
-2.945780066411171738e+00
