2.381184404016820189e+00
-2.321449640169499062e+00
2.422858175937889769e-01
-3.143949549012968525e+00
2.558994848977694581e+00
-1.058626673287635711e+00
2.501402582621707005e+00
1.231927493068549317e+00
-3.650343189036126645e+00
-7.322844324692523443e-01
2.628801601331911542e+00
-8.248681231477963394e-01
3.829607623290879559e+00
-3.145146601382980300e+00
3.709749940468582530e+00
5.886184340092226464e-01
2.631618420139258063e+00
2.049708553469783645e+00
1.629157295034695530e+00
-1.843439417676840719e+00
6.265793082400357150e-01
-7.209454872708809248e-01
-3.208063130598088009e+00
-1.229309473180808077e+00
3.795212243487627646e+00
-3.054723869108206813e-01
-9.236217599837859282e-01
-3.529234069088467152e-01
2.158080646577822392e+00
-3.203908894108331573e+00
