-5.843431945975332553e-01
7.886527937356158091e-01
2.533735458586408029e+00
-1.575076397487896074e+00
-1.248470053053904572e+00
3.428404184109108854e+00
1.490817389381251523e+00
-3.339447697296217932e+00
-3.852369643145782341e+00
2.055055018512745413e+00
3.328569311035513678e+00
2.465978965442060300e+00
-2.887121267548874215e+00
-1.413905205009079680e+00
-1.335866419229243540e+00
8.893800263699702668e-01
-9.669314298281754816e-01
3.037477816181200829e+00
-3.884461134763842693e+00
3.001416993805904099e+00
-2.478285127376575581e+00
2.382252086824100168e+00
-1.281074244926487360e+00
-1.397381159586018384e+00
-1.865346944029731446e+00
3.301170133753066338e+00
3.728469000484416540e+00
-1.614456021195963764e+00
-8.066826580645205524e-01
-1.566341641498802950e+00
3.094991202858141222e+00
2.249046040538835278e+00
3.694249118374217211e+00
2.819795467943224665e-01
-3.191675039429390459e+00
-3.819446938224399624e+00
-3.724252408241024881e+00
-1.049496852307621353e+00
-3.007646638557800678e+00
2.714213563911932248e+00
7.931487793556790677e-02
3.911863552698090274e+00
-2.927512079303072667e+00
-2.191080000958207208e+00
-1.208188942487628204e+00
-1.463489894542997938e+00
-3.268956978805713121e+00
2.254704950078156855e-01
-7.533149831811467578e-01
-3.235794781528968933e+00
-1.310807312452956452e+00
2.580400204985017432e+00
-1.827006866835407806e-01
-3.249300724686269071e+00
3.713519141933654844e+00
-2.002184766433037666e+00
1.189231913629803294e+00
3.250836130352231734e+00
2.170539516221943188e-01
-7.546547392723610415e-01
-2.208580229838695175e+00
5.475338406261798241e-01
-3.829178581799084213e+00
-3.104974815152484524e+00
2.921710455280752683e+00
-1.756306303132907587e+00
-2.856617422880792567e+00
1.785634880516036027e+00
-2.764923186786303333e+00
-1.136853485849545820e+00
3.389367043369162502e-02
9.185125195746346449e-01
-1.761611518237730323e+00
-3.994773877529711470e-01
-2.917055718050245439e+00
-3.673986833309556665e+00
2.464954333362365801e+00
-3.414070618451222394e+00
1.988001911789019083e+00
-2.330939800512335403e+00
-6.219144251617132468e-01
3.000045303641680761e-01
3.457844855688086305e+00
-3.530844910617465082e+00
-1.898907036830070894e+00
-3.164923653020974115e+00
-1.117078793066232478e+00
2.485446989467288148e+00
1.807283061069026253e+00
2.660305556785305114e-01
-1.726048389964132568e+00
1.966402452762566533e+00
-9.804615354973229557e-01
-1.806236987938559579e+00
-3.279742121668968835e+00
-3.466810844188630725e+00
-9.968355783629565536e-01
1.215632541903427288e+00
-3.857994104355476850e+00
-3.493773239211399151e+00
