-9.614712327850449824e-01
4.218666792015044464e-01
-2.117935295838337062e+00
2.045742367644924009e+00
-3.191139481926619226e-02
-2.413264846442300993e+00
1.214322701392513970e+00
1.903818106443456060e+00
-2.252652330963938354e+00
-2.056224188372280715e+00
-3.772390991948260108e+00
-3.638081625211378345e+00
-3.460402282762896853e+00
-2.614689222675295355e+00
6.467686555941778437e-01
4.853090079440409710e-01
1.715890858013856324e+00
-6.430219977947544407e-01
1.949084331912552592e+00
2.268707542101322971e+00
-1.322811498756886195e+00
-3.613321537584018195e+00
1.509261520062657347e+00
-3.994504008976558218e+00
-1.646174109398760521e+00
5.866635056884001997e-01
-7.808212947393720071e-01
-2.973666729797479036e+00
3.080611361204823595e+00
2.931421524195030770e+00
3.070587419170383470e+00
1.800157467274297041e+00
1.503215587001732523e+00
1.825132095054373238e+00
3.411809349276193615e+00
-2.913851973417394881e+00
-5.971719523776064520e-01
-4.274883645252183229e-01
-3.781980342069796386e+00
-2.227281961371769370e+00
-9.259572044577133454e-01
-7.984392578720944655e-01
-3.327841522210321479e+00
3.013098016949127711e+00
1.266206414291523252e+00
3.618706874412125352e+00
-2.556374614184139915e+00
-3.838444157757985309e-01
1.060118491671540042e-01
-1.642130772589819543e+00
-2.853002878419834687e+00
-8.345378012961868208e-01
3.825878600923110717e+00
-2.257016436097893042e+00
2.281280702241475389e+00
2.808454732261327358e+00
-1.460322785812107504e+00
1.775401323371362139e+00
-3.087030859405222039e+00
2.518825231742511939e+00
2.657337179785026926e+00
5.133866548860011036e-01
1.746841174658810836e+00
7.172472659216078128e-01
3.136655313382251009e+00
3.159138415010287915e+00
-3.338934594925619948e+00
-1.976964686608929433e+00
-3.676158186575158027e+00
3.057508833050926356e+00
1.541014444895519198e+00
-2.896347828335996688e+00
8.967939374601208158e-02
2.990288892191631298e+00
-1.818186618522003251e+00
-1.431083324522306910e+00
3.126007818737261523e+00
7.150654517284991130e-01
-1.765343802240339599e+00
-2.263724498516806349e+00
1.685163451089559672e+00
1.862047065189724293e+00
8.413462503507300738e-01
-1.469004492615560764e+00
2.329082609001303261e+00
3.776107828793735521e-01
3.111850597409731911e+00
1.324195009042046678e+00
5.502714888202113741e-01
-1.475438847578010915e+00
-5.046316757055748781e-01
-4.878104460207683957e-01
-3.503192971004899903e+00
3.171425390342395012e+00
2.473720966471536720e+00
2.947177873039005469e+00
-3.664802818580024990e+00
-3.214472077242264803e+00
-3.110834795320942092e+00
-4.588581228822361524e-01
