5.765352175193979178e+01
4.840549837208039108e+00
1.010266388030845786e+00
2.146964236412729221e+01
8.411271857026734722e+01
3.934762771278069238e+01
4.590753692563454003e+00
4.329287551100770237e+00
7.466955907273016635e+01
4.830870906551840704e+00
7.816911603804211950e+01
1.244217880248480679e+00
3.307191541906511389e+01
3.145911720692556202e+00
7.053056679676048546e+00
8.151072815249617065e+01
8.407726143195139912e+01
4.808922897629271276e+00
8.184856122478665341e+00
7.564247168947838418e+01
1.168104539003849140e+00
1.804002860801257935e+00
1.568780944617008455e+00
2.386873268355164779e+00
1.190512149688600418e+00
1.186401334361431203e+01
1.446256390865370500e+00
1.567139638844178329e+01
4.849569875154696064e+00
8.996611012190985690e+00
