-3.352344790689961052e+00
-3.798770143725086257e+00
-1.544479994392184530e+00
-5.557253855388495367e-01
-2.322939565689702945e+00
-1.738506979552028930e+00
-1.053203883165688914e+00
2.152378254136007030e-01
-2.013390656890511998e+00
1.847687713129815279e+00
-3.134877239691300055e+00
2.878745753764686555e-01
-1.885358640195476276e+00
-4.070829693519888437e-01
1.050141439016731404e+00
-2.486102220656608353e+00
-4.949956335482239567e-01
1.518092205380834336e+00
-3.822873517105448649e+00
2.677421256042712194e+00
-2.868657646947328388e+00
-1.199643041052227410e+00
9.476238751372321190e-01
3.382685802595262636e+00
-3.258293058266761300e+00
-2.530310596617101560e+00
-2.212421014498489491e+00
-3.538873812636863292e+00
-3.925559770565486772e+00
-2.124242023793393663e+00
-2.408521205138975496e+00
-7.292257108299775581e-01
-3.924106038327674462e+00
4.068958213695061943e-01
-2.038485398633763879e+00
-2.443322591494671236e+00
-2.039723783844964444e-01
1.726142420690548462e+00
-3.429618892224047144e+00
1.800718266913732712e+00
1.409725900632212259e+00
-4.086286718249390049e-01
-1.239384672304265855e+00
-1.535915843449267015e-01
8.062120932581606780e-01
2.693200510817648663e+00
-3.430832237867181611e+00
-3.877135941931513230e+00
-6.950470059646614018e-01
2.232500584049128101e+00
-7.899993230536797029e-01
-2.844382071560236369e-01
1.118890423180897820e+00
2.399606762945792227e+00
-1.739273783625443492e+00
-8.620486772647177887e-01
3.533971179333926571e+00
-2.119830078830351461e+00
1.902371909676440431e+00
2.279926361617083508e+00
2.724445620003330681e+00
-5.674974841101096956e-01
3.382613120028659992e+00
8.360279098533043296e-01
-1.130374953306775510e+00
-3.767914367379482599e+00
9.080845921120994646e-01
-2.810368484170838954e+00
-1.992577182388650670e+00
8.252669314286364965e-02
1.761743806424131975e-02
-4.523612515094477260e-03
-9.074386914402827742e-01
1.297423985838330296e+00
1.084875364410767595e+00
4.929724560499488817e-01
-2.731642418783092552e+00
8.256477220135707284e-01
3.834734240587616583e+00
-7.775008990709704193e-01
2.082352663347571742e+00
2.697836980859346312e+00
-7.973809335705803747e-01
2.618898706894754014e+00
2.365654879590509019e+00
2.690219968041795084e+00
4.168609445919191359e-02
-6.546672652897376210e-01
6.582731383588731333e-01
5.546651941160458676e-01
-2.111245452234155273e+00
3.970408401774472296e-01
-1.471507531567771920e+00
2.312762873324206048e+00
2.463499705144529983e+00
-2.346939936611173394e+00
-3.521355979981964701e+00
-3.062982101995476825e+00
1.979658963580009257e+00
5.390978818205161005e-01
