1.453941612348555790e+00
4.499919435031466186e+00
3.525456840291721505e+01
1.572834085437107454e+00
1.837197404386590804e+01
7.002167921750366020e+01
1.909587991855884459e+00
2.660200408255765758e+00
1.732495257791692467e+01
1.362092536921204911e+00
7.750405499957701672e+00
3.777358160126903641e+01
1.188433847333819493e+01
3.091009937415144293e+00
4.570563466211724268e+00
1.398814277288087027e+01
7.825239647364095674e+01
5.157787102683648328e+01
5.825154525830762253e+01
5.422964818368894768e+00
1.898931942231722303e+01
4.760366129552562775e+00
8.355290459821805626e+00
4.416383170984909157e+01
2.965759178275060748e+01
2.044016476372373958e+01
2.700708252062112891e+01
5.402977018163723777e+00
5.198835261635519345e+00
6.435338286007874053e+00
3.111567595144521192e+00
2.927358824433507678e+01
6.329547800343765296e+00
5.136154178124181868e+01
6.779196509395595172e+01
4.595126701704439398e+01
5.396286154325456863e+01
2.535715414745984830e+00
1.916224242647095721e+01
1.314619253684405020e+00
1.012930417192366228e+01
3.182342065656778729e+01
1.620925317637893048e+00
6.779028314439210057e+00
4.426085362762175635e+01
6.207840948813938553e+00
4.294190948719402101e+00
8.532112004535403571e+01
2.379569732013539607e+01
1.409208537242814474e+00
