8.741545329179925261e+01
3.172009861664565999e+00
3.021090739881191567e+01
7.178969834677165807e+01
7.587118903300076767e+00
3.527057673066461518e+01
3.638585453782043899e+00
4.013550300191789688e+01
1.033454594344166289e+01
1.750092539434460903e+01
3.324643573677939656e+01
1.036289984475656212e+01
6.463193577081870700e+00
4.202624396104370774e+00
1.183794337334038049e+00
4.038958477488928445e+00
1.342082588010338196e+00
1.010776887595852358e+01
4.887844156088932301e+00
1.014098596459765922e+01
7.505848922277431257e+01
5.844241630883152183e+00
6.394648435898361782e+01
1.284861142216562513e+01
5.911979703449395629e+01
2.660182331430112868e+01
2.640182416104789098e+01
2.793888559560383911e+01
2.244007121228835278e+00
7.896717244725182994e+00
1.307177495382245702e+01
8.071624234034963763e+00
3.483899272525548696e+01
3.936070818807559846e+01
2.838343405332155811e+01
1.083029619798069376e+01
1.282696706317411728e+00
6.054944685522502823e+01
9.704737275177679123e+01
2.980252614043986448e+00
2.023686993840828396e+00
6.171617657829853165e+00
4.651546026856763660e+01
6.931701196116712538e+00
7.257512477830662334e+00
1.734313591192470483e+01
1.438349658422826316e+01
9.977967076718896067e+01
1.879586296324857519e+00
7.079234247209609698e+00
