4.269350016410387916e+00
2.295153152141976349e+01
1.699856736678800662e+00
3.808529919360940141e+01
9.630463601642148319e+01
5.100262634322910316e+01
2.119099908049667391e+01
6.855558936213321886e+01
5.338832185324133839e+00
1.801082821777771414e+01
1.138858306488681693e+00
5.676268428796085175e+01
2.904268288571036472e+00
5.307653589966786711e+01
5.820234046618258361e+01
1.485206723459813993e+01
2.043568145832014959e+00
2.944084030479780623e+00
2.707196620350815408e+01
3.044287252052439996e+00
3.817192158060870533e+00
3.992856127211783512e+00
3.068016421522325121e+00
9.970451318427396359e+01
6.503154773916020481e+00
9.411782526474732435e+01
2.097300329922972661e+00
3.942078077766459909e+00
3.483910762755642310e+01
4.532630773648268985e+01
