2.868832049676769635e+00
3.390008436503733513e+00
3.405290276216668133e+00
-8.764016012695652336e-02
6.409330601500977664e-01
-2.143858360281535091e+00
-2.817364002389215472e+00
-2.190419166466839762e+00
-3.081644679107184537e+00
-4.021450906739572062e-01
3.899742088288459918e+00
-4.572591931861573755e-01
-2.326601540915529398e-02
1.943151719333264360e+00
2.617700613263907350e+00
-1.802447577282929814e+00
3.883597387728694450e+00
8.854531667668128492e-01
1.633583206204315630e+00
4.575602108283636227e-01
1.939405347017493675e+00
-2.809632333589219932e+00
-2.597477823242000383e+00
2.147824590072424655e-01
2.328956832636676744e+00
3.938034947439641442e+00
-1.289852485637350554e-01
-1.636389373923985424e+00
-2.353617110493727793e+00
-1.594188845553908607e+00
-3.790172308846874394e+00
3.171079894497452756e+00
4.483650144753195121e-01
-8.889200405994985843e-01
6.708868613065011033e-01
-3.571714823787814908e+00
-2.401966087248405657e+00
1.831630456714317567e+00
3.970704417102350448e+00
2.296864857163650520e+00
-1.672045654984271046e+00
3.570655982594048261e+00
-2.257350561440017778e+00
2.358622554270254135e+00
7.689326762557060491e-01
-7.826046456504052173e-01
-2.817959396680675965e+00
-3.662659776888993690e+00
-2.348575982459527367e+00
-3.828062923532409734e+00
