2.158334461592235520e+00
2.412243584172607314e+00
3.958934935436047908e+00
1.827991067300335892e+00
8.040677221346124171e-01
1.794717677901354946e+00
1.738655361060562399e+00
-2.795370635694241379e+00
3.318177256425659749e+00
3.418070753845587006e+00
2.451564835208452031e+00
-1.530802253830288784e+00
2.345701219053907494e+00
-1.028644789078622779e+00
5.611892716240163281e-01
-7.570768593392172008e-01
1.709643575448405173e+00
-3.357765723635117716e+00
2.392578411263759364e-01
3.118234457811972504e+00
3.410748277634406911e+00
2.870809109269103487e-01
7.242504149961490612e-01
1.098343283161502093e+00
-2.342029280098403277e-01
1.782244966724898738e+00
-2.878354677816651552e+00
2.306799150868299009e+00
-1.982794192426637458e+00
-1.720992449101618860e+00
