4.646813429506317483e+00
7.613335024991201294e+01
1.288249864207745787e+00
1.315231498277211308e+00
3.721763385582287498e+01
4.029509184843747427e+00
8.932019595415907176e+00
1.642860061216656220e+01
4.067062711955506060e+00
2.662769196702286401e+00
4.133854223354011026e+01
1.518558633852152839e+00
2.698475668472224864e+00
5.605440580885586144e+01
5.605399187383556381e+01
1.771721016805426041e+00
1.467884952722913994e+01
4.430065458177488580e+01
1.050750345784445150e+00
6.222037388963735083e+01
2.752745645436904809e+00
3.091174156951882779e+01
1.326169482252690379e+00
1.630713383626248358e+01
1.733753587487711689e+00
5.871156305794041685e+01
2.539360975153638122e+00
1.185334419739056289e+00
4.470122839240134205e+00
7.855647312493030832e+00
