3.230305294094068191e+00
2.138202161413053304e+00
1.134247570936445904e+00
1.868669398872423670e+01
1.076569114783620762e+01
8.321930982552226297e+00
1.015820614049064119e+01
2.921632401960986058e+00
7.149363741032516373e+00
1.242486301074753108e+00
2.095183280104437884e+00
6.631525574269020673e+00
3.705209395809700545e+00
2.584577133093773682e+01
1.405669897210408337e+01
1.357981037492597798e+00
1.006071891121501949e+01
1.812248528123780034e+01
1.647154509763010921e+01
2.588597530112597411e+01
7.048838020371791302e+00
2.521042711536649605e+00
7.306556746715553174e+01
1.675674081432933704e+01
3.885340442722249321e+01
3.126714788111404886e+01
4.176859278854773372e+00
1.456979365472698262e+01
6.799462856892685814e+00
2.033656299011363355e+00
2.804604919302176569e+01
6.265141158673451116e+01
9.578116087017908953e+00
3.351390029041756691e+01
1.411477413054147201e+00
2.010756274591016535e+01
3.027927096062957801e+01
4.801935802137524689e+01
1.797913216759071897e+00
4.230973296510715187e+00
2.367576264603382796e+01
1.175189388496734288e+01
1.300178611564733622e+01
4.951508569454957609e+01
5.690303913138433423e+00
1.756507059781791114e+01
3.412316565653414102e+01
1.829283830147042167e+01
1.420730693297892344e+01
1.469966065206910244e+01
1.105347061239937645e+00
1.371609294673580415e+01
7.692431871736736149e+00
8.118436885560658567e+00
1.629947421028743237e+00
1.945822241390006724e+01
1.458220794959519750e+01
1.223437515008551379e+01
2.276842506893239193e+00
4.928386750120622217e+00
5.598104426996934002e+00
2.418997812279917614e+00
2.212142538678713422e+01
3.837019794931379124e+00
6.411946969569558519e+01
3.856094201642661545e+01
3.559735754807115171e+01
4.154972324267422579e+00
2.000901841119462787e+00
1.999394782021573391e+01
1.309600027802230038e+01
7.233336804086797578e+00
2.152172452279787151e+01
4.889507162352579428e+00
2.666968184736495928e+01
7.038230635174780048e+01
5.602298464667438971e+00
3.370987794358717338e+01
2.466119985318224295e+01
2.717251359436962943e+00
1.474060265827771943e+00
1.498719623984760219e+01
3.202432952931128796e+01
5.441103930948692380e+00
2.073052734285604881e+00
3.689989024883534086e+00
4.720247148826147310e+01
3.572885184178167695e+00
6.764619446232499911e+01
1.278317285784936086e+00
1.435753068015087841e+00
2.053238417924017511e+00
1.224034410106875370e+01
6.759458166233665111e+01
5.143088125162344149e+00
1.938817277808663864e+00
3.411331091127604509e+01
4.797561539839945510e+01
2.694809266130532066e+00
4.689312854431242350e+00
