3.598639927823509055e+00
2.244265839895971837e+00
1.146321622553819530e+00
2.823335571338740024e+00
9.816590378233653880e-01
6.596900375162180197e-01
-9.087736212498276345e-01
7.897799861478205230e-01
3.008866051547385290e+00
-3.969637942008947817e-01
1.175575417002559853e+00
-1.707610330804169685e+00
2.403780162496435224e+00
1.555069481779130847e+00
3.484675659132223657e+00
1.098278982964703054e+00
3.157305299716041347e+00
-3.756904956445096033e+00
-1.701442423847905339e+00
1.613608687906953776e+00
2.224601901109225288e+00
1.481185538647486588e+00
-1.217122742205161146e+00
2.461474961883343582e+00
-1.923704842188787012e+00
1.632451264048390804e+00
-3.459810177728320113e+00
-3.774429537449247363e+00
-3.016895717634933582e+00
3.903365226552837797e+00
5.242904339542011627e-01
9.693779542847575925e-01
-3.344995430530867786e+00
5.055471484686746564e-01
8.945207220457005448e-01
3.183551707389753460e+00
-9.972238056528217598e-01
2.055206428229787718e-01
1.484239956143738048e+00
-2.383791081721178706e+00
-3.561072909701501921e+00
5.843019459824230211e-01
-1.146935782013349225e+00
-3.291476428274737742e-01
-2.228274207051406108e-01
-3.326748703279545083e-01
-1.121154618397256719e+00
-3.119047504020726613e+00
-1.779678358972356378e-01
1.899480661632694023e+00
