4.206886392651043849e+01
1.388294075260359506e+01
3.134527063346684628e+01
4.073681132895144330e+00
3.860782752875738311e+01
3.478021752880051309e+01
5.176801707946729181e+01
2.607242021269559284e+00
3.588902259426117780e+01
1.937862421032124915e+00
8.689222599377066203e+00
2.047498158875519891e+01
5.075081684763073042e+01
6.584134436321773087e+00
5.362053086605776997e+01
5.989827485465129442e+00
2.911047519403901873e+01
1.625594454727079086e+00
4.621508720619120680e+01
2.374672425158659284e+00
3.449306913358760340e+01
2.501869091386939026e+00
1.566657662960096076e+01
1.510149516870329123e+01
7.662267539347732281e+01
9.072560741306618581e+01
8.638320462077444972e+01
5.228204644504984344e+01
1.812466540526700420e+00
3.299068701729397901e+01
2.760143931462148004e+01
1.169588346630485987e+01
4.842618984719636899e+01
9.991862530067710679e+01
5.376768281129552740e+00
2.712787715780955722e+01
1.836567066441289198e+00
4.936092113245314295e+01
1.256326779835208463e+01
2.488074005492129359e+01
2.575209479300500703e+01
8.705874086191879258e+01
1.569335270425799322e+01
1.673490983399144838e+01
3.906054255562668942e+01
3.388043768939404998e+01
7.254722430945462008e+01
7.574176262193455500e+01
4.964927317280678487e+00
8.893563752441933090e+00
