1.332751408616009048e+00
1.228546362533723402e+00
1.680851054080926232e+01
2.693570857110069383e+00
1.162336127758603510e+01
6.211469132879700261e+00
2.608543186200974695e+00
3.461202494777096916e+01
2.304298152164933100e+01
1.489037685586972515e+01
1.450537256716347834e+01
8.325994989683950465e+00
7.724115452723792430e+01
1.202550418483336214e+00
5.725692518894534544e+01
7.028894325282978528e+00
2.017097802843947818e+01
1.967463435324235732e+00
2.984321872212887250e+00
7.705119203038496778e+01
1.129437766801553167e+00
2.140080813709196228e+00
9.244439364360596301e+01
5.242339439651872368e+01
1.505172563883959480e+00
1.023510716751820482e+00
4.227071191223306101e+00
2.220039424406001327e+00
3.777374995211715714e+01
1.850377197869030610e+01
2.149533137322287679e+00
5.832600929950295665e+00
3.355787528193476987e+01
9.763157916651220347e+00
7.436411618636581622e+00
1.383802227431531584e+00
3.425108035144740626e+01
5.851399365132220254e+00
1.695713996645727750e+00
2.801943470622964671e+00
4.986523246654210340e+01
2.996391287609818210e+00
4.412393245617424498e+01
4.083114106212015315e+01
1.278194217217295581e+01
2.009324597335887752e+00
1.484326205006794730e+01
2.089474857651320239e+00
9.009279073500673007e+01
1.448434104318891258e+01
5.365046807724731082e+00
7.974993183171787337e+01
1.176192972219318378e+01
2.155770038747927053e+00
8.508271789769653992e+01
6.462155980249126408e+00
1.489749207396550146e+00
6.304782740769910987e+01
6.690788672542065285e+01
1.532443148330772997e+00
6.888513229918325820e+00
1.556843829626568754e+00
4.257591426214472285e+00
4.039915044420473222e+00
2.889735505103584856e+01
1.279370297863018990e+01
3.320900373737566191e+00
1.165358707151718853e+01
1.367375710238203590e+00
1.177871457679451339e+01
2.496654957551777798e+01
5.042398679018019969e+00
2.287722304458594813e+00
3.711692648384327775e+00
1.006385223316528466e+00
2.517318496358602609e+00
1.712098427545456714e+00
7.845075398459713689e+00
1.268124314160293586e+01
3.286962817064264897e+01
3.492873463942502088e+00
2.377750104254851493e+01
4.882266786425377347e+01
1.172031062535612733e+00
1.688581096228967349e+00
3.647143468726795135e+01
6.474020808686280049e+00
4.763806944557499534e+00
8.514524935066395983e+01
2.460640345702907794e+01
5.958814620934774808e+01
3.656477556840855403e+00
4.214176450465114243e+00
3.977730570733381654e+00
1.640609353173624640e+01
3.416891454297310560e+01
2.232458830983517117e+01
4.613019684532865483e+01
4.144555551116510372e+01
2.190767765471071371e+01
