1.391715845881828173e+00
-1.037942849680836943e+00
3.113764582275840631e+00
1.045327235427085277e+00
-2.841396447473213627e+00
3.022019373153943533e+00
-3.313955498543545097e+00
2.198786892532452519e+00
2.396993277040424530e+00
-3.339785366500069408e+00
6.402842494547078545e-01
-2.759561473778720853e+00
1.601774872739172295e+00
1.621427421275477343e+00
-2.076677448347368227e-01
-2.334697944561567873e+00
3.399533429028391396e+00
3.417541266165690317e+00
-2.744125067987576827e+00
-1.632548246470131303e-01
-2.163617974486684581e+00
-9.358573063796260527e-01
-3.846798983480103296e+00
2.514567761665476020e+00
1.695558306003582594e+00
2.281874514794668407e+00
-1.572259456820891188e+00
7.462803103179354025e-01
2.562076321415353242e+00
-4.927219054071967363e-01
