4.445197958968805985e+00
5.413574564608032347e+01
1.325660545668792345e+01
1.272372958739385673e+01
1.992202625476028333e+00
1.249164155793201836e+00
4.691038228014187794e+00
6.728007495591425879e+01
3.331098902028605124e+01
2.083572891346430467e+01
1.005528400864781347e+01
3.914306554674416905e+00
7.003655397490915036e+00
6.029018568269032841e+01
2.095557279131489281e+01
4.879952748830612919e+00
1.308859515248182559e+00
5.045831362311528778e+01
7.614505209982668887e+00
8.970206194471890626e+01
6.831234814381669018e+00
1.556238388801485906e+00
5.547673819619941327e+01
1.342739761712038460e+00
2.337128757205417173e+01
4.971427587003024229e+00
4.718493095544642557e+01
2.042559060926680381e+00
9.588812569317930468e+00
9.096451831951608824e+01
1.545183942476163530e+00
4.622770205187328685e+01
1.342931703954323597e+00
9.617688548665519477e+01
8.473182675229274707e+00
1.414426892217006237e+00
1.801382472567813053e+01
1.018524436060868066e+00
6.171427961822903541e+00
9.423579275078076023e+00
2.652091886714580848e+00
3.825114289711164073e+00
1.875415034704054573e+00
5.483219488181698154e+01
1.544513250619231925e+01
1.667998562667098739e+01
7.268775359704913797e+01
4.225613131430353775e+00
4.813790096023414833e+01
2.853059973912991154e+00
9.532930331366347332e+01
6.516787076905399090e+01
2.033585659459955508e+00
1.963779728049525630e+01
4.223091073163468678e+01
1.393274000768295551e+01
6.032180193299807058e+01
1.932817197657480390e+00
1.949036408812666110e+01
2.146356514293826123e+01
1.950289998117012757e+01
9.497747385898861694e+00
5.512381153214988672e+00
3.336702885273936658e+00
1.144981766408500157e+01
1.442825695979349510e+00
1.391849184052926347e+01
1.303996635428741113e+00
8.090115688338235600e+01
2.545178759958351478e+01
1.391928504817648715e+01
8.091444334185339926e+01
1.178454004588320281e+01
1.184514026439960865e+01
1.570412756895372297e+00
7.468500994146511474e+00
1.586306236039948914e+01
6.838288881791663698e+01
2.226965449720459489e+01
7.071578398202744609e+01
7.844949143355036369e+01
2.672863035055088332e+01
4.569966224235922247e+00
7.289409732159231226e+01
2.051929119406300739e+00
8.397626202694372211e+00
2.829465921322755317e+00
6.802741952029159656e+00
5.813753679223722770e+00
7.723878709214102400e+01
1.175412527776770188e+00
1.646163812949512106e+01
4.686759286999398810e+00
1.058179510215553343e+00
1.779210102686237693e+00
1.927311860322569359e+01
3.972841591945298489e+01
1.000414097666434410e+00
4.159742729131004779e+01
3.579250764671726870e+00
