-1.041062761612866261e+00
3.688933157049098632e+00
1.679456955959051534e+00
-2.518299103802824845e+00
8.027361392442049493e-01
-4.648709077013313262e-01
-1.556657507247853900e+00
-2.529041762302555618e+00
-3.485498635861934424e+00
2.937800445053053267e+00
1.199402655415138241e-02
-3.859801616322378059e+00
-3.920847004215548104e+00
6.162361327842491576e-01
2.101735491724786797e+00
-7.107503129519425755e-01
8.065842004460037629e-01
1.488002506133234704e+00
-3.302928128274873920e+00
-7.431960469613390075e-01
3.655786427736520849e+00
-2.838280353175499648e+00
2.378277691714436592e+00
-3.200372436411459631e+00
-2.749737190100323581e+00
3.007009782231047978e+00
-1.425151851663962965e+00
2.171895977759321639e-01
-7.621426055376989694e-02
1.405923512337734493e+00
-1.092677520140147962e+00
-2.886940476250769549e+00
2.440457982586731411e+00
-7.623073195004348435e-02
-3.190974408036259646e+00
-3.469597898199458186e+00
5.298559656833603526e-01
2.684718041518396880e+00
-8.487808937471807980e-02
2.315717765865925593e+00
-3.934520127634964837e+00
3.049114735306557300e+00
-1.876945769826297905e+00
2.805035517163736891e+00
-3.197025970448233778e+00
1.900637345152312641e+00
3.926649850097517991e+00
3.041958013195642963e+00
-3.615128160146923619e+00
3.067789738136827538e+00
