-2.521429332665118928e+00
-3.956717987829939887e+00
-2.052058739236681362e+00
3.954453139604631851e+00
3.462932773558452304e+00
-1.120442937769158931e+00
8.536671522854897276e-01
-2.819246998071776034e+00
1.216041093603255518e+00
5.957051524525844854e-01
4.100617176949379328e-01
1.290045336751445504e+00
3.133770894799612350e+00
1.013422699683117045e+00
-1.497659016823798872e+00
4.882306094056092505e-01
-5.276621830012029335e-01
-1.185506876259823095e+00
4.894786020458621323e-01
1.181100352520600083e+00
-3.438758774575711108e+00
1.213064099859009204e-01
-1.882138658058688740e+00
3.041302411412308615e+00
-3.037122978309132471e+00
8.601071406480453874e-01
-3.759358775015628318e+00
1.282799681138389047e-01
-3.395631316020146784e-01
2.737039393259468767e+00
