3.399903072650503066e+00
2.391351213608205484e+01
7.842776972789633305e+01
1.160972293123123444e+00
3.266270409315422896e+00
6.797988632616005589e+01
2.131420664538228493e+01
4.034156419160968454e+00
1.288254471324481676e+00
2.784870818961946881e+01
3.554653000431059695e+01
4.736915402848737244e+00
9.676029760022938575e+00
5.559790755755868119e+00
7.665963284546127454e+01
3.351296920056039408e+00
3.260215999890587568e+01
6.694851433678000774e+01
1.058859200591328076e+01
2.217412254671963368e+01
9.428435740197319603e+01
4.402846732281606279e+00
1.440218210639182672e+01
2.285661336324475101e+00
4.853230503090711245e+00
7.694254715641000075e+01
5.014622012843555687e+00
9.466734638294651916e+01
1.304835311259402886e+00
2.763722882838839823e+00
5.978329450617621887e+01
9.770044407788667229e+01
4.602515852535948682e+01
8.381618669508915787e+01
4.909404861530282993e+00
8.459561357716717467e+00
1.475971040263618583e+01
3.947215912066851473e+01
1.239441842833689833e+01
5.169957790538924236e+00
1.729570211519751410e+01
1.357781170023916406e+00
1.536423017962738591e+01
5.734808674586083299e+01
6.004955886545126731e+01
9.891649859241812237e+01
5.999662904860969981e+00
8.763742690381699063e+00
3.102654126577466531e+00
1.084148159420285928e+01
3.734143435313320492e+00
7.663154023404585757e+01
5.045290946266379706e+01
4.599104375672506073e+00
3.826176072854868693e+01
1.887275432788877794e+01
1.256383673878570750e+00
6.775277615425049760e+01
1.686661374541696290e+01
1.566396271192154854e+00
1.587409732436242615e+00
2.044073994226600188e+00
2.922584482122848382e+00
3.210559095162343723e+00
8.780875326191193153e+00
1.378857590229875996e+01
1.721536358241704789e+01
2.123133437548810232e+00
9.693832670118476713e+00
1.261045663611197121e+01
1.028277840325675641e+01
2.916005816708412191e+00
6.285560735566664192e+01
7.303778277751627357e+00
4.331312949388818723e+00
9.962152389179481204e+00
1.264931515724215583e+00
1.020605095303484422e+00
6.662822685244530696e+00
4.090791041222306035e+01
2.889147984837400429e+01
2.540772092431881291e+00
4.227751680602279905e+00
1.585319266527169368e+00
8.151163804230397147e+01
1.332122864954923713e+00
1.194109465763089339e+01
2.231932405922616880e+01
5.030485364472530918e+00
8.059420281441195755e+01
3.477645689527853801e+00
5.608951198035116903e+01
3.552536127036870717e+00
1.626873071537615090e+01
2.657715716117253990e+00
2.794646248744903971e+01
1.303525510635941131e+00
9.523093074950633508e+00
6.567497262317954210e+01
1.632248573529005320e+00
