6.833316856331785516e+01
3.306401624108018211e+01
7.758994556170446799e+01
3.068709369742665061e+00
6.468313073870204377e+00
9.377702572563055128e+01
2.186811116217495243e+00
4.595799388579306033e+00
1.095940335638146301e+01
5.258833776713548680e+00
4.622694662305549151e+00
1.609628805340757651e+01
4.676870378813917029e+01
4.185466720986236311e+01
5.640137290721880525e+00
1.201167157474770875e+00
1.712660120495700866e+01
5.082455004309069579e+01
3.610337277890297969e+01
4.272991225106258639e+01
1.254287714488701333e+01
1.080523241871438600e+01
1.132842017614746011e+00
4.761812819271430186e+00
1.254233655711409767e+01
4.074378044092000550e+00
1.369403598523252885e+00
1.437101442923975680e+00
3.982458165473439493e+01
1.655040358146590052e+01
2.262946476278735020e+01
2.647412156566079133e+01
3.167628599604286777e+01
7.612742698086658599e+00
7.409182660393678077e+01
1.014660159581944399e+01
1.475474121898139757e+00
2.434885493625402120e+01
8.406708410501686046e+01
4.074159878099638377e+01
8.332093626062916769e+01
7.621160337252426586e+01
1.163621478555427302e+00
4.608276758187163580e+01
6.291635578252845562e+01
6.689931345711643473e+01
7.819545573918763814e+00
1.338733765239367735e+01
3.071507090376700688e+01
6.895174622359586891e+00
