3.155179651559681275e+00
2.615438666712201154e+00
-8.791161577421879869e-01
-3.539937289276809729e+00
-3.695260008511178640e+00
6.252592514271650970e-01
2.803296249858133748e-01
9.748333046032149340e-01
1.145085648256134014e+00
2.908770553774695955e+00
1.940649692698334761e+00
7.027891596272786146e-01
-1.641041738289959362e+00
-2.043790522172418633e+00
-2.112110029682324530e+00
3.736868629255265972e+00
1.183383108789444194e-01
2.785246827747099196e+00
2.753686478728900155e+00
3.817661527152247380e+00
-2.344536827196597173e-01
2.845152200987222990e+00
3.209239992635012584e+00
-3.017998890658654787e+00
3.813639522178490004e+00
-1.977630641252882349e+00
-2.669430410017259447e-01
3.454231433135523055e+00
5.715687640364990330e-01
-1.945536762589608060e-01
2.729365571513486799e-02
1.495091233732339653e+00
8.530319232235905602e-01
1.107823550168744120e+00
1.529698961897958398e-01
1.780205623875114718e+00
-8.799453482935577497e-01
-3.199254832841041285e+00
-7.329892837953853046e-01
-3.373765981941412306e-01
-5.411113721233817841e-01
6.290458492545720759e-01
1.267368186704240784e+00
2.836253693537729603e+00
-2.534041796736033803e+00
3.150836652565116580e-01
1.968823690909125013e+00
-7.695385970164609901e-01
-3.635273540968517736e+00
3.321521941091977403e+00
1.248914686596029888e+00
2.075697789017134198e+00
3.284600305814915799e+00
-2.606258580655544499e+00
-7.903041853017853668e-01
-2.672749742672197115e+00
6.442742245451764660e-01
2.163813647696871456e+00
2.089388320240519015e+00
3.977442296192369220e+00
5.895165960656241211e-01
-3.841052081752420300e+00
-3.772759168301036858e+00
3.540560349925608641e+00
-2.978114491731363778e+00
1.772277635421638742e+00
-1.553299820509381313e+00
-3.047467576678219103e+00
2.352803389722251559e+00
-2.213400059225591576e+00
-2.351384729758889236e+00
1.141251244556169553e+00
-6.587041607660282239e-02
3.460741380419479540e+00
-3.854474387145572223e+00
-3.442328089755622322e+00
4.774418239599063085e-01
-7.507361856332916972e-02
3.890963236515958990e+00
3.070728269597968740e+00
-3.109495944701517800e+00
1.105031726515068868e-01
-2.612517358492738140e+00
1.601175836505506211e+00
1.454188921926990119e+00
-4.202658241462575717e-01
-1.289094722414798611e-01
3.586790791845211324e+00
-3.220502190064021164e+00
-1.896489695889110649e+00
-2.921444142957550838e+00
2.697735990805110617e+00
-1.961110534890183388e+00
-1.767875466621532610e+00
7.955635769813413916e-01
2.555832114108778086e-01
2.084365395237237628e+00
-2.620565882980438133e+00
-2.832009233640807366e+00
3.138089212129762551e+00
