4.274585419525996599e+01
3.105070140695249137e+01
2.159927739005907199e+01
7.646273674189951919e+01
2.872863764249343177e+01
9.483128233996201573e+01
3.908683905858086405e+01
3.671021398354937304e+01
2.286854434679374037e+01
8.553859445230983738e+01
2.862216231154409485e+01
6.377391105953850392e+00
1.495858929509880753e+00
8.150379897179796274e+00
4.013864529650867041e+00
1.087659276887310789e+00
1.055041813746782742e+00
7.705542837487938890e+00
1.436358196443420177e+01
2.353675418194862701e+00
2.087696721546027590e+01
7.095685553229343157e+01
6.432536013843291300e+01
3.022085932259128072e+01
5.534742390488232644e+01
6.270069950713410556e+00
1.284634354392156652e+01
3.399955371470245957e+00
2.801636828213917596e+01
2.277496046961206222e+00
