-2.028000000000000025e+00
-1.558899999999999952e+00
7.773999999999999799e-01
-2.075200000000000156e+00
-1.600999999999999923e-01
1.081099999999999950e+00
1.407999999999999918e+00
-1.612900000000000000e+00
2.419000000000000039e+00
2.217000000000000082e+00
5.243999999999999773e-01
7.150999999999999579e-01
1.767400000000000082e+00
2.093700000000000117e+00
1.534899999999999931e+00
4.329999999999999821e-02
-1.947100000000000053e+00
-2.786000000000000032e+00
-1.282000000000000084e-01
1.272100000000000009e+00
-1.741000000000000048e-01
-1.200000000000000025e-02
1.683000000000000052e+00
-1.704199999999999937e+00
2.925499999999999989e+00
-1.696000000000000008e-01
2.279700000000000060e+00
-8.142000000000000348e-01
1.523200000000000109e+00
-2.444000000000000061e-01
-1.558899999999999952e+00
-1.770100000000000007e+00
-3.173000000000000265e-01
8.250000000000000389e-02
4.033999999999999808e-01
-1.104700000000000015e+00
-2.723500000000000032e+00
8.031000000000000361e-01
-2.833999999999999853e-01
-6.031999999999999584e-01
-1.616900000000000004e+00
1.534599999999999964e+00
2.722799999999999887e+00
-2.539899999999999824e+00
-1.428299999999999903e+00
-5.822000000000000508e-01
7.623999999999999666e-01
-2.295500000000000096e+00
1.696099999999999941e+00
-2.526100000000000012e+00
