-2.951160507816529943e+00
3.417660965244870397e+00
3.660757819714562267e+00
3.079527652507232816e+00
7.299929378917289213e-01
2.443978275529668842e+00
-1.846765590265813550e+00
2.278368765463882895e+00
-5.565485670081269376e-01
3.240596103058289046e+00
-4.279837029195423526e-01
1.934439791834863698e+00
-8.582230112944966294e-01
-2.664449267690720546e-01
-2.186290230084466657e+00
-8.274387109688463582e-01
-2.085848156494968464e+00
9.489344692265602177e-01
-1.387797448607867246e+00
4.694393424467664389e-01
-1.931278405948471111e+00
1.390320673806898277e+00
-8.464633508629857417e-01
2.100846191607107727e+00
1.843793377783613963e+00
-3.769266687948873873e+00
3.679486512885077332e+00
3.857710025965586098e+00
-1.725992335424301416e+00
2.638962422230574312e+00
6.534391277038675838e-02
1.884387551801943061e+00
-8.840259656032269930e-01
-1.961217162054183838e+00
5.489116477250810533e-02
-1.639048164722995082e+00
-9.532384524498214162e-01
-3.630104172858607647e+00
1.034780140257181458e+00
1.779457836630332856e+00
1.833937605877344446e+00
-2.498061548682546373e-01
-1.223433145779466713e+00
-2.013283313179079492e+00
6.748661577250114618e-02
2.319408656364641885e+00
3.058172218602230430e+00
3.893293922268655116e+00
3.112842129513174960e+00
-1.151116917414054974e+00
