-1.792207416831005595e+00
1.489766145339103787e+00
-3.363938401719273052e+00
3.600543214180967233e+00
1.318898017429868119e-01
-1.945879676907980915e+00
-3.898921590444830443e+00
-1.530415608420214291e+00
-5.325184262211228869e-01
2.686184675088947316e-01
3.319552650337867838e+00
-3.467338213249863799e+00
-1.534606992389201174e+00
-4.185636104381851297e-01
-1.136784740922672121e+00
-6.818300807477211123e-01
1.093183950384482017e+00
-2.751937771574598735e+00
3.908481442281243723e+00
-1.466077898798335610e+00
-1.029266203834383830e+00
-2.380476536883870509e+00
7.340994643137124243e-01
-3.075922157772456700e+00
6.348581804966926256e-01
-4.150986336980366787e-01
2.179960661863386662e+00
-4.080341417536894610e-01
-1.722241511869759378e+00
1.859209504134141433e+00
