1.935726580407185793e+02
5.961825541976933351e+01
1.458139470461444454e+01
2.634697643144712629e+02
1.397462908576040945e+02
4.279339222452009039e+00
8.203237872401937238e+02
8.710367966869556611e+00
4.763219977533155181e+00
4.665816924196723647e+01
4.213845909987778100e+02
1.691566729821709636e+00
1.313324944504038569e+02
5.148939200818890782e+00
3.558097865467328802e+01
2.186069327623604863e+01
3.817125389620871942e+02
1.487491321719441872e+00
2.222833889957925351e+02
7.590569198888080109e+02
8.620410897634463936e+02
8.316963726915087136e+02
3.737332709564191759e+02
3.558294509510487558e+01
1.483689426255024557e+02
1.146410177671450015e+02
3.185146397514410310e+01
7.181625742508475518e+00
1.617799938348487103e+02
6.149187409992531883e+00
