1.178205432455043962e+02
6.546509572498058205e+00
1.904954366435045898e+00
4.672069712282767284e+01
2.896032980670621271e+01
1.737553711825294300e+01
6.988305941739717753e+00
9.933059004525290447e+01
1.161333972381607849e+00
9.925728109194025137e+02
4.517819708545015800e+01
6.614430666509214518e+00
4.591130995417808691e+01
1.306502274990865020e+00
1.950771024640374662e+01
1.094227679248050933e+01
4.089461106006057207e+02
3.532223651462701923e+02
2.870992300084537305e+02
1.479239116199054793e+00
7.123368141496479211e+01
3.430432739047915902e+02
1.386664382318605337e+00
5.512559229142867707e+02
2.043881088983285021e+00
2.120026830572396825e+00
4.051000441170512545e+02
7.344493469081966985e+00
5.343744113414364172e+00
3.240618357295448959e+02
2.130603264854446621e+00
4.356992214973264055e+00
2.831848195557268966e+01
4.397443937134989156e+00
1.948542123256026741e+02
1.182413784198345468e+02
2.000607629581947577e+01
7.204140044943822829e+01
2.355845738839062165e+01
7.392011602451368901e+00
1.533190714176467351e+00
9.567586772188363966e+02
8.557428216977093598e+02
9.013802680692667479e+01
1.708697373029224664e+01
5.588421143090641863e+01
3.443175683911112284e+00
3.592466995232130671e+02
3.904042471335093722e+01
5.950323076208621842e+01
1.118778959569101117e+00
6.253061711238223097e+02
9.920522313765143707e+00
3.820325897427920125e+01
9.711974109477173656e+00
5.818846657578163928e+01
1.213414589290528367e+00
2.035369964232818916e+02
4.704030770897089653e+00
4.761328668315353241e+01
2.814988332805729243e+00
2.818031428827959317e+00
5.977002468675777891e+00
2.682865519981688180e+02
5.383985685135605337e+01
4.036046700769286133e+01
2.952762817547401397e+01
4.088131975505101323e+00
8.566435477244155550e+01
7.963117818841562894e+02
3.958376237978045253e+01
3.600890071712491931e+02
1.237219359258696194e+00
7.289294312505772666e+01
7.295092957042483839e+00
7.619678694323868129e+00
2.672458284595971989e+01
4.139652370894009437e+01
1.178091908750783467e+01
8.003251286952719568e+01
9.213864133893990171e+00
2.903028223220728066e+01
3.292906892641023653e+00
1.081856276254478502e+02
2.932228221932164480e+00
8.194850930473847939e+01
1.072266185643206740e+02
2.390243405892881583e+02
5.393054145968895909e+02
2.264833801298069105e+01
1.742416504663485854e+00
2.163294217795340728e+02
1.423586135161225386e+01
2.094065455699567924e+00
1.511143201779538003e+02
6.556076998724130362e+02
1.882526797927114082e+00
4.245066876359823596e+02
3.788771932002595122e+01
9.335635978505490584e+02
