5.957239161613273382e+02
8.064857206751763385e+01
4.458793717373767151e+01
1.130608847713196212e+02
2.405215017494418817e+01
5.130401320507713336e+01
7.795656275096747549e+02
1.331204382873371506e+00
1.550195502651439305e+01
9.686202336363021459e+02
9.785037897234336697e+02
6.024389143634834909e+00
1.376094111358434589e+02
4.866735971094868773e+00
2.753937001240737459e+02
5.442435739260652383e+00
6.310452954501890872e+02
4.021377336821667114e+01
2.936814090837506086e+01
5.105122950811209037e+00
1.037651092535145949e+02
2.566783764137894774e+00
2.980688097816549842e+01
8.902789075415237221e+02
2.454521626090350992e+02
1.705154929084402582e+01
1.985903222618066399e+00
1.785013719683742863e+02
1.943383875490360424e+01
7.008069657476304393e+00
1.655523970281937318e+00
6.746022314677515119e+00
1.550712315152172494e+02
1.329463563902429435e+01
7.330522298454724250e+02
2.613353383097887672e+01
1.693543885290701212e+00
3.409335606834188184e+02
1.514962504086563513e+02
6.462861278414184341e+00
1.496509402610612938e+02
4.423627589636567592e+01
1.271162404895924602e+01
5.851930266544498949e+01
2.331173905029229942e+00
1.645616248150287220e+02
2.654955768968414276e+01
8.698456592376398788e+00
9.173906303491671679e+02
1.151655746784869727e+01
