1.202340335487879663e+00
9.041291082167859372e-01
-5.302136653796845067e-01
1.409293509571821978e+00
3.686747311000804217e-02
2.395371890852257657e+00
-2.151201882064069260e+00
-2.027130774573181249e+00
-1.559559373714681563e+00
-2.706235964558374008e+00
1.350228231783887622e+00
2.054093631800737008e+00
-4.336973973560054318e-01
3.910109967314679302e+00
-1.265951014286699206e-01
-2.890909299732937754e-01
-3.556242185447371362e+00
-2.313836589546367506e-01
-2.579110789720830965e+00
-1.301085149859690482e+00
-2.705155519266549291e+00
-2.271627436833695945e+00
-8.914746493789662551e-01
3.027245872015662975e+00
-1.183901079019372915e+00
-2.136736163552628298e+00
-6.307583794341784511e-01
-1.729781020437514805e+00
-5.663341142886215707e-01
-3.064127152306634905e+00
1.524528727394506511e+00
-3.231251650053703628e-01
2.680963089944039091e+00
-3.136012629263755791e+00
-8.208257933924310024e-01
3.261916155790745009e+00
-3.389252284590442699e+00
1.534052794795526253e-01
3.925695954385582276e+00
2.703433470937867789e+00
-9.338553790792545328e-01
-1.291957605773482065e+00
-1.580337147077965909e+00
2.947610989417695393e+00
4.552721668676147360e-01
-4.410949198259412896e-01
2.942140836860229314e+00
-1.929162527323795118e+00
1.540999672357559191e-01
1.328141478382430130e+00
-1.284249106880012370e+00
1.736015353184445331e+00
2.774182930950304105e+00
2.928077315366533817e+00
2.435022576163964558e+00
-1.175172999831871401e+00
-2.577593032032932108e+00
3.639887388608112673e+00
1.607623882596735498e+00
-3.407337400031410723e+00
-3.426582730079371863e+00
1.825729135544758464e+00
-2.198105785186196037e+00
-1.214479727096112960e+00
-5.745271528061159927e-01
2.467493999665573590e+00
2.676107721686499019e+00
-1.445864408649812027e+00
1.991032204074703493e+00
9.001555366671167846e-01
-2.109551097298840716e+00
2.675615611787181436e+00
2.607272871117132240e+00
-2.680137363416637442e+00
-1.164960894764488053e+00
-2.055124145406777458e+00
1.980531948197741698e+00
3.698502465004333217e+00
-2.462971897134404564e+00
1.654547256955531509e+00
-3.914909674232346148e+00
-2.241400709716141471e+00
-4.963878112759889660e-01
-3.096036678274551868e+00
-1.792989232913482667e+00
-1.018861129652436581e+00
-2.872580297330280530e-01
-1.533160181166310920e-01
2.556624965383256232e+00
1.740543943053187270e+00
3.473591553769010076e+00
-2.976876638657057761e+00
3.819598772826223509e+00
-3.401465508862209219e-01
-3.822043864423115167e+00
-3.346001224677960906e+00
-1.580495557937851459e+00
-7.125092511173996002e-01
9.794902700519871885e-01
2.748003442651530293e+00
