-2.450347524884395334e+00
-2.962329642126238838e+00
3.746895144345428363e+00
3.106518541733844785e-01
2.256696738826437176e+00
3.126981294392479960e+00
3.744286452375397367e+00
2.110780350967786489e+00
1.636332918078533538e-01
-2.848725644811936242e+00
-8.795012182332406780e-02
-2.964210668414112071e+00
-3.324559497275351383e+00
-1.028684925921698579e+00
-3.244447687489149246e-02
-1.470603925952057800e+00
1.914864383542861148e+00
1.754750779882606970e+00
-2.666962936231000114e+00
1.156851329023750985e+00
2.284568322049125300e-01
-3.105324787405280063e+00
1.080426241734842918e+00
-2.119648598836945119e+00
-3.235350188418175676e-01
-1.647431608513441503e+00
3.773888779440820684e+00
-1.592588029022103058e+00
1.637113631795081403e+00
-5.878615506065782981e-01
-1.890871651209699245e+00
-3.462235367950986742e+00
6.651249826210285931e-01
-3.867478016923378448e+00
-1.780652873946974246e+00
3.874528445725058390e+00
2.382863535612928629e+00
-2.948942132258993709e-01
1.953653269302330742e+00
-2.691592677172569559e+00
3.088812350197501111e+00
9.330059451724679320e-01
2.555857388983630685e+00
-2.898230886255985794e-01
7.741269676222799490e-01
3.994860913408727399e+00
1.573122985621258074e+00
7.613902566070249733e-01
1.345361616487795509e+00
3.532021504212587537e+00
-1.243593522020307596e+00
2.565243966979066315e+00
-8.107819185529470118e-01
-1.690661133501818014e+00
-1.880472348312854258e+00
2.932088226674321341e+00
1.398240353403916281e+00
1.506687928081105632e+00
5.110477311800183386e-01
3.605796241277091418e+00
-3.583222675647501632e-02
3.372038176486847227e+00
-2.939031227240402444e+00
2.622909960152576936e+00
-3.181905105561481761e+00
-1.006377700394027741e+00
-1.704106430440563535e+00
-2.128801623710774749e+00
2.923113900365505557e+00
-1.824587203916863132e-01
3.866539803037480461e+00
-6.524815106744963344e-02
7.626820417753750192e-01
-2.779690183995490393e+00
4.798421374381520721e-01
6.136499689053174222e-01
-6.687655895911985837e-01
-7.162144417490434734e-01
3.419857299165691700e+00
1.180200176771633913e+00
-1.815922001576840472e+00
1.404769622155505715e+00
3.180395646513527907e+00
-3.556959527484920613e+00
6.476590111544116013e-01
2.713632945742205038e+00
1.342038093459214210e+00
-2.487176688673079283e+00
-1.319609434430477179e+00
-9.827542413441161528e-01
3.799123954382830348e+00
-1.110541812939890960e+00
3.524113691839402485e+00
-3.384062539260765945e+00
1.274160794511487005e+00
-9.521011518965334375e-01
2.653714048354418154e+00
1.820555715473015646e+00
-9.599875638367532105e-01
-1.411180503230477612e+00
