3.209349376117013541e+00
2.506100281714006783e+00
1.724616642129729982e+00
-3.197913318191325516e-01
-2.963587955481339797e+00
1.151433146191747525e+00
-2.418250149479090005e+00
-2.940754413164047065e+00
1.005290286224872709e+00
2.668068146764799309e+00
3.478277221964033217e+00
2.769687483665436822e+00
1.425309039082211626e+00
2.811470014210286195e+00
-1.395686697103031726e+00
-2.633994439149555333e+00
3.333976258394208081e+00
-3.859238249204569371e+00
-2.137635025181355175e+00
-3.856134446526438886e+00
-1.301654315423727226e+00
3.839214053067328436e+00
-9.977794157591990398e-02
3.138830470193975763e+00
3.052019918646555752e+00
-1.029916065824132865e+00
1.788554997827011661e+00
1.095813609190679827e+00
-1.117167805181545681e+00
-2.160204867162738296e-01
2.678822113340819655e+00
-1.976795973319164901e+00
-9.090721263381995598e-01
-3.348101909595315284e+00
-2.381401932580622827e+00
-8.283995545901010615e-01
-2.965352894703155329e+00
2.590069418183392536e+00
3.569902297753314357e+00
-3.257133541215812222e+00
2.579045019580743059e+00
-3.577103560257847370e+00
1.374500900193834418e+00
2.329773514046645566e+00
1.497297064336104988e+00
2.325723560151565117e+00
2.627080913744536339e+00
-2.862163371084838204e-01
3.903447124868587359e+00
1.923160336612399490e-01
8.686657800462436185e-01
3.413877711165352657e+00
4.293691269277957190e-01
-2.537490905117516959e+00
2.130896439333222148e+00
2.103484115278347666e+00
-3.435720691163201224e+00
9.945394766583204316e-01
9.181202553987981574e-01
1.623201598628782882e+00
6.785563713505764483e-01
6.129984480667065583e-01
3.183988859494815138e+00
1.223706812871374616e+00
1.958008072480978967e-01
-3.437779705871115254e+00
3.188669718544776543e+00
7.133762865382111684e-01
-1.400700400145530544e+00
1.985867608787017957e+00
-2.433642867497669116e+00
-2.923615521359482550e+00
1.496576951162202462e+00
-2.959638215310072873e+00
3.599429757377210493e-01
-2.443022032042860836e+00
1.919659672196968536e+00
1.717735556575661349e+00
-1.481713522671684657e+00
-1.000377713556297010e+00
-2.056781077093137178e+00
-6.039225131913186218e-01
3.652671927472727731e+00
3.144055127294701713e+00
-3.008080772603190844e+00
2.679637593515089122e+00
-6.196386722023445870e-01
-1.471932819157555805e+00
-1.381147771315612616e+00
2.744450652299057047e+00
-4.749006647594802288e-01
-1.193790896193092976e+00
3.192080196995625840e+00
-7.375356883929349294e-01
-2.966693169721577483e+00
-3.465483946220460965e+00
-9.294096795715125481e-01
-3.866077889101451781e+00
-3.155631465610415631e-01
1.719171469477039693e+00
