9.355845575927901336e-01
-5.386187863811224830e-01
5.044381280296512671e-01
3.609413125935150291e+00
2.944082084411503430e-01
-2.853837482022981042e+00
-2.177213545341096790e+00
-3.960376597310072633e+00
1.993680934198364341e+00
3.419213891971303099e+00
1.321949573055320570e+00
1.444758862513024766e-01
-2.999697204206621670e+00
-1.269014813613619452e+00
3.822902485535657924e+00
3.644572624539550887e+00
-3.817888002554906457e+00
1.850861123269128328e+00
-2.939827616261387888e+00
-3.673318698686022010e+00
-2.728658331328089659e+00
-1.028585932788260493e+00
7.076314586025915787e-01
2.915997548424295260e+00
3.400691151541995971e+00
2.771919282108125770e+00
-3.572510357982624285e+00
-3.636008666890202079e+00
1.685152807060564584e+00
3.509960890565150926e+00
-3.696805417669126292e+00
2.020455165505194550e+00
-2.397402814067745247e+00
-3.244105901152775751e+00
6.963919839193453143e-01
-3.075517048306802614e+00
-2.067736563400583094e+00
-1.271005127905027621e+00
-1.676642086404839915e+00
1.288789576018827709e+00
-2.903201462259161758e-01
2.040189071726112857e+00
5.592913986776908430e-01
1.346656819552229933e+00
-9.604837749838717187e-01
-7.220371288852787117e-01
-8.222908599544620500e-01
-2.315508324493148251e+00
1.906334146407069774e+00
2.028478998252788656e+00
3.801033360087965107e+00
2.901635881876334366e+00
-2.339957885903478640e-01
2.908971923562974737e+00
-1.267625002963379544e+00
2.375011302401760283e+00
2.715413647883623049e+00
7.551882691868181396e-01
6.717228305630706942e-01
-6.964131257119197116e-01
1.012924964504454017e+00
-2.037805037602016256e+00
-3.161896508236736736e-01
-3.651603873083423046e+00
-2.601479498031541659e+00
-2.650218200643632116e+00
1.610210127848923811e+00
2.560732804555678754e+00
3.181957155412792559e+00
-3.810819684750764935e+00
-1.056248085156536121e+00
3.278195521950644675e+00
3.290053744014763026e+00
1.623309940305102117e+00
-8.913912020785108581e-01
-4.188035995378642795e-01
-2.483257251243201402e+00
-3.115324741206855208e+00
-3.107052037042449477e+00
-7.812316026220802456e-01
-2.747252845711447122e+00
-5.433679598264991029e-01
7.590012813718320928e-01
2.509228760315975748e+00
-1.761172129061532310e+00
-1.401223122765156148e-01
-5.553643083974089123e-01
2.391930360721972626e+00
-3.232314824872967840e+00
-3.863275024666642743e+00
6.185626665308125993e-01
6.748626388771938878e-02
-7.124800740780283803e-01
-1.216578897233849155e+00
-1.963712633547352482e+00
-9.307967649637989282e-01
-2.030079591251999105e+00
5.010834049611112562e-01
-1.754667941690309263e+00
1.507893963037488128e+00
