1.103238128868573531e+00
1.035966308116841317e+00
2.694647278959281422e+01
1.014375156348030105e+00
6.085505841539141869e+00
4.388284935311124002e+01
3.475785945023478973e+01
2.798493965675178163e+00
3.918301318087574980e+00
2.928754651757923710e+00
9.722124445973459927e+00
8.957327416960738731e+01
1.748909959321353069e+00
3.210673188043323911e+00
2.050032020070613470e+01
4.595524391046359014e+00
3.991617776161987319e+00
6.444232643883974987e+00
8.163523590552630083e+01
1.191476317952593122e+00
1.014213816563102810e+01
2.599444194558764742e+00
3.832429090835855590e+01
9.266178529718162338e+01
6.357850432820288944e+00
3.020329999393077358e+01
1.744055560434383922e+00
2.264446575668547013e+01
7.736745973260461540e+01
1.728017833458293406e+00
