3.498736282414165011e+00
-2.399674329559508656e+00
-1.298527651041205822e+00
-2.440699826848775622e+00
-3.629963664225981823e+00
1.875293878649875623e+00
-3.117439562533789399e+00
1.532418443158066523e+00
3.348424497553814660e-02
7.028688609197333292e-01
-3.907862815362478592e+00
1.031936397258919058e-01
-3.997422973586877148e+00
-3.743973991633598786e+00
1.149993671691325936e+00
3.561964074349605269e+00
-1.716477474404216608e+00
-2.699350780053237031e+00
-3.924112104183859806e+00
4.223070858319442067e-01
-1.153668152267824709e+00
-4.675931538766961992e-01
4.248192032629445336e-01
-2.218372605058853253e+00
-6.033899074552699915e-01
3.937639041359900283e+00
-1.425155341694984479e+00
2.116274880434559691e+00
-3.260702238047572088e+00
-2.828439858828451392e+00
