6.212559317472008047e+01
8.914260308073363603e+01
6.612410046678219544e+01
1.051420330020973992e+01
1.657865515717428906e+01
9.539543444858219701e+00
6.662419653386591811e+00
2.261181295296318439e+01
6.647216919691564385e+01
4.454497638247333136e+00
7.976054798256248191e+00
1.937034800299003123e+01
5.522118790535725452e+01
3.260445552436451067e+00
4.339889897994849832e+01
2.672511183282223968e+01
1.756868063454385842e+00
1.643364378478024745e+00
1.052700863668182496e+00
6.125377189165903680e+00
1.997444550256822771e+00
1.259154336143551989e+00
5.431963971719853390e+01
2.995850083306794698e+00
3.155949339803955311e+01
4.732753735236658876e+00
3.146219055994705638e+00
2.079654765818013473e+01
5.770761910988451149e+01
2.836627556872669764e+00
1.227434088607278539e+00
3.738440931868898076e+01
1.139685227621385577e+00
2.644090528526104578e+01
5.852732813665803491e+01
9.902335903984297971e+00
1.210300993110636725e+01
5.822625125553893355e+01
8.370349691841919082e+01
2.914049573865758447e+01
8.565742114499681747e+01
6.592298117298240001e+00
6.095773266068728446e+01
1.797771366308001273e+00
1.639157128482761738e+00
4.693882714124200106e+01
2.063225853966285772e+00
2.935169702097874644e+00
2.221704889474728972e+01
9.664989180705482852e+00
1.610335628378173123e+00
3.482131158523249059e+00
1.504482855111560369e+01
6.930439354218714598e+00
3.239137719531141357e+01
3.783619498289230165e+00
1.550536909272774322e+00
1.370142603817752214e+00
4.182761128452222366e+00
4.197090987322412303e+01
1.063895773698922298e+01
4.214275964297356403e+00
3.574153559159781057e+00
1.303768419178878757e+00
1.446424560962767991e+01
2.197310967764027012e+01
5.031981617113999050e+01
1.221999706033541022e+00
1.272626532419711909e+00
1.835756552083426696e+00
4.828251415871807062e+00
1.094725509196952995e+00
1.280207697839670722e+01
1.806691351277721180e+00
3.412767721723745495e+01
7.105102998358505317e+01
4.618744331978620998e+00
9.398726143422035761e+01
5.802875404746268373e+01
2.827366437787143738e+01
2.789979891491169983e+00
1.043110274178731878e+01
2.938557654617502735e+01
1.556743275703796670e+00
1.026681341763239219e+00
5.314683305471285202e+00
3.322183258602995348e+00
1.167733538748853483e+01
1.491044669318168658e+01
3.263619215347719660e+01
3.214167474970630423e+01
8.139352241154134049e+01
2.688846892170649205e+00
1.798241226902311141e+00
2.134752350455530134e+00
4.341250150938830821e+00
8.620746297894395838e+00
3.100340647555061935e+01
7.267140279038958539e+00
8.225635303673854537e+01
