1.973349485155830862e+00
7.185813299553137767e+01
4.466131057708583540e+00
3.225569650512576203e+01
8.943659122526312899e+01
1.285566363885475738e+01
2.956750909991070841e+01
2.637205656383129870e+00
3.019612704463227715e+00
1.656104770074545485e+01
4.360531779906253291e+01
3.313302635035477728e+00
1.804862492404866625e+00
5.131601687064167550e+01
6.538164336577592550e+00
4.560145363433103682e+01
9.674609066066672369e+00
2.930552232681810665e+01
1.388955440992683243e+01
3.773497925882209003e+00
2.055142624820686947e+01
5.649854653153980877e+01
6.748844351858700463e+01
1.403672683689784373e+00
1.376114664591506331e+00
2.821931702810780607e+01
1.292613360087952801e+00
3.793161231806639666e+00
8.666715537909226441e+00
3.895633433520843880e+01
9.213563006858446158e+01
4.886473187570840793e+01
4.267335802563530933e+01
3.485982911467227385e+00
1.131352549993698497e+00
1.426117408827800803e+00
2.776243226203850334e+00
5.637728386458795882e+01
4.820665925845466049e+00
9.966713665440735781e+00
1.534482150020463997e+01
4.992392631803522107e+00
1.666282467762180364e+00
1.595217097959377384e+01
1.543844362459017905e+00
5.730113196374804652e+00
2.127861441357005035e+01
7.688223813886580160e+00
4.835085463979567777e+01
4.048962866941088379e+01
