1.912848649267052892e+00
2.772120523214922194e+00
-2.170814044806214760e+00
2.215419176279036506e+00
-2.319681308663170682e+00
2.024041267034489167e+00
-6.097223973807288644e-01
3.846989707820194226e-01
1.998447619316046087e+00
-1.196885393262885344e+00
2.958005902507913731e+00
-6.137012240243215899e-01
-2.151502738583960905e+00
-1.892462904111765098e+00
2.462938740305576246e+00
-3.075407451160632633e+00
1.086223027152360743e+00
-1.620010515333007106e+00
-3.009058515090002217e+00
2.931349303815952823e+00
3.545781723835632171e+00
3.429783681525435668e+00
3.383436770770545721e+00
3.263451133329548171e+00
3.944480985211188617e+00
-2.284189047766870928e+00
-1.744889264897442338e+00
-1.059304082864056085e+00
-2.581523099076485472e+00
-2.349898438158372294e+00
