9.913137987880444868e-01
-1.528951204570493161e+00
-1.608521741655251525e+00
-1.851106098115953280e+00
1.895154597277012520e+00
1.676860764998784781e+00
-3.814332085040538445e+00
-3.277052579396370291e+00
1.228026731746853173e+00
-2.895636240632775582e+00
-3.913753281433479003e+00
-9.756498083661302445e-02
3.498818158481145524e+00
-2.125928932072378430e+00
-3.453054421728101175e+00
1.161315426957109764e+00
-2.854789921471673431e+00
-3.869759861340949847e+00
3.752226091964698362e+00
1.104250980464485998e+00
2.955704509218260334e+00
3.546255297269919282e+00
-2.224263877177945936e+00
3.941063657020874800e+00
1.850545034659463184e+00
-5.690410379122159412e-01
1.105632073341427102e+00
3.577851571849682166e+00
-1.922215082941621134e+00
1.893578739415878509e+00
3.376152747840063029e+00
3.928363110725339169e-01
-1.341533245764066962e+00
-3.105570532377441850e-01
2.623614299216885826e+00
1.864493362634590312e+00
7.841342401616469004e-02
-3.982402705328389025e+00
2.017003261727421837e+00
-7.783346660491590185e-01
3.706412577016242160e+00
-1.300263721328154709e+00
1.357110788357493547e+00
2.948739902508444644e+00
2.927315050925239248e+00
-2.057935703570806574e+00
1.908653415481970761e+00
-1.918000954368723754e+00
-2.393357949175143773e+00
-9.980767784337283288e-01
