2.319010846631023881e+01
3.793158563579109455e+01
1.671798944916480423e+01
1.288171569476507683e+00
1.856899742201677084e+00
7.582157484447979989e+00
2.383014260820065644e+01
5.244548891456503270e+00
6.073289015208008124e+01
2.722304079238970775e+00
3.661052330518015197e+01
1.551939350262962769e+01
3.306530783712163579e+00
1.964757083971414175e+01
1.308140712574027376e+01
3.664790419334545390e+01
2.161469826878655187e+00
6.884553232865552097e+00
6.913790969938681918e+00
7.985375568061029128e+01
7.374475286335552049e+00
4.045203671448287963e+01
4.233005533075003157e+00
8.178382233126106016e+00
1.172477489570083442e+01
6.280023181052514758e+01
5.886077257996942258e+00
3.352833091515929453e+00
3.375163154442759605e+01
2.593174901628379203e+01
1.466507500748029713e+00
1.414610052682720465e+01
9.846851290605064833e+01
2.687615391558849964e+01
4.111988793022330668e+01
4.908127662138131342e+00
5.981512425273768940e+01
3.992503867272668039e+00
3.257868363790761279e+00
4.989375097321893548e+01
3.552526818655326224e+01
4.195226458919600887e+00
2.108689044193845508e+00
3.539173520241688209e+01
7.593804106546839705e+01
5.718532544762123138e+00
1.236844690996624863e+00
4.658871359065960505e+00
1.846695953392888834e+00
2.620991594141464542e+00
3.952469887185567909e+00
7.377127281756801835e+01
3.945930067507931938e+01
4.478922784087573916e+01
9.960718634612899081e+00
4.667078909248275842e+00
1.325307328551132002e+01
3.650406582374743802e+00
1.685826598846768665e+00
3.338865073327986099e+00
1.555920618888698703e+00
2.715582666505424925e+01
1.509760253766587956e+00
7.596288887887043018e+01
1.720590556660858184e+01
5.924816668206701564e+01
5.814173876317219936e+00
1.139659062993698768e+01
9.122161679126097766e+00
5.059057291109987808e+00
1.954755045239197742e+01
4.982463862656127418e+01
3.045371491214943660e+00
2.014849777433105871e+01
3.380074255240593128e+00
4.787745385129881903e+00
4.206211468035573375e+01
9.626171921843882373e+00
3.144367260410972698e+00
5.458610379939538682e+00
8.562093467720886864e+00
3.357322089651346175e+01
2.833905492510233159e+00
1.101325400284839606e+00
5.569771128148513384e+00
2.123313647191686826e+01
2.588006656169766551e+00
1.970936275618689848e+01
1.361118261740031699e+00
6.217997280381147185e+00
9.540182100744713978e+01
4.573465928032979910e+00
6.287057961492470426e+00
3.345292785677248304e+01
2.169488611034635195e+00
1.201395968976938988e+01
1.149424306535175910e+00
6.979767707059728821e+01
7.551134749731392759e+00
4.398108487193397309e+01
