-1.486883058476176522e+00
-1.131314918630493160e+00
-1.765345353837161291e+00
-2.069985933964372471e+00
-1.457152081383439324e+00
-8.617633270229232423e-01
1.606118571357280089e+00
1.334754004311117015e+00
-2.541239026192123163e+00
-3.708249746791638657e-01
2.310112720056887170e+00
-1.337605246794018043e+00
1.803247276610298933e+00
3.531812019492877042e-01
-2.151963582596770230e+00
-3.480233833476070515e+00
-3.165961996529969902e+00
3.877022454575726584e+00
-1.279160174094768010e+00
-1.476610931861134901e+00
-4.553603068695455391e-01
1.723867040983909860e+00
-1.613664898523674118e+00
-1.002338496618580876e+00
1.287188765248637345e+00
-9.533601146212529187e-01
2.299104445682865538e+00
-7.891500468189915907e-01
-1.820222291466307318e+00
-2.910305535060558668e+00
1.378394517554266230e+00
-3.576808054173401530e+00
2.277318574464338496e+00
-3.983213947281884160e+00
-3.189980135550625207e+00
1.723857924522924634e+00
3.024127897185682201e+00
3.529674103767734827e+00
-7.671114123664208861e-01
9.761078558389737481e-01
3.868529775299281326e+00
-1.332049361767822404e+00
-3.264115524566312487e+00
-1.755190260713148653e+00
-1.282794433104221810e-01
2.040200352417959273e+00
3.377865127564713355e+00
1.184016909067979739e+00
-2.508861749421197551e+00
-3.047221212941475521e+00
2.795829236321925926e+00
-2.050280213281512331e+00
2.984788897798538621e+00
-2.784005349309780719e+00
-1.236830441355033727e+00
6.551158139392407875e-01
2.474540692442869450e+00
-3.634516012812309960e+00
-1.502418699086411458e+00
3.511830568818862908e+00
3.876961808248427843e+00
-2.496238635066170275e-01
-3.543290131570509871e+00
-3.804607377998454609e+00
1.522116418605580890e+00
2.077633331293372798e+00
-1.936704732501294934e+00
-3.667808150671036493e+00
-1.159361273418271665e+00
-3.077721847851044856e-02
-1.707586716685725925e+00
-8.952300663501322475e-01
-3.599198912051909893e+00
1.083612274849124368e+00
-2.844483200744095441e+00
3.482187247546468356e+00
-5.626734804654835997e-01
9.394412149824811209e-01
-2.124180378804153335e+00
-3.022326290141679195e-01
1.137407520217369239e+00
-1.335192288115319315e+00
-3.423607790618375724e+00
-9.198550385902581894e-02
3.819087699201020314e+00
8.375971783403421966e-01
2.637601135797859264e+00
-2.810083395983361321e+00
3.029879472894834613e+00
-7.222862658800011104e-04
2.530788287199457365e+00
-3.473462152786826351e+00
1.382770395620904758e+00
3.194193981234601409e+00
-1.131020029929949544e+00
-3.641405786722030413e+00
2.084380512534618646e+00
2.640659501955545885e+00
-3.260466629319806131e+00
-2.553156536245958286e+00
