1.853811303459284687e+01
9.434138768868903568e+00
4.073596766300175531e+00
1.755784142230832856e+01
1.943154264148139276e+01
3.469357090129203236e+00
2.757349723500752958e+01
5.996684997892872815e+01
1.250760636604560361e+01
1.912639133921412382e+00
1.095658175193364414e+01
1.415764441109045313e+00
3.854911645976830670e+00
3.112992198146078948e+01
6.986036026824135092e+01
6.400492207777838871e+01
1.230030079661183828e+00
3.293163955276322774e+00
4.438555801633772724e+00
6.540275328011806266e+01
1.532417482484369264e+00
4.148599248244841675e+01
3.532686772349197213e+01
1.376992500373829476e+00
2.562760407362562720e+00
4.364277015997072517e+00
7.874355740488961430e+01
2.603726419819939863e+01
5.781167579455648742e+00
2.991974980154087760e+01
