1.274465667030792559e+00
3.564068036547846319e+00
2.732220213458096403e+00
3.607790039964420714e+00
-2.853546389013300377e+00
-3.716501788644723803e+00
1.918710258121752332e+00
-2.819796010532735764e-01
-2.344982125203638468e+00
2.007798212338233412e+00
6.828487829329965564e-02
2.373119234034196445e+00
-3.194610461934218826e+00
5.041524926773686133e-01
1.366283973022407672e+00
-1.012820336533112986e+00
1.920981934787818979e+00
2.445500477740805145e+00
2.857859486539449101e+00
-2.526424818119012983e+00
-3.462005653759960389e+00
1.166880472340976027e+00
1.766706466257073060e-02
2.595185907126906777e+00
-1.030051107952861145e+00
1.429109258847678809e+00
-1.333199654741709317e+00
-3.781523706083397052e+00
-1.627579832530708259e+00
-1.682893820831747433e+00
