2.432427394856317093e+00
2.108492672699021853e+01
3.266396603343023397e+00
2.639198693811314556e+00
4.705333386021433739e+01
2.254059606020804019e+00
8.036071568876419491e+00
3.160361757831130092e+01
9.712941490951681089e+01
1.273310903026552143e+00
1.603261670409764417e+00
4.536241550275729395e+00
2.829610339860176627e+00
5.201084270435402779e+00
4.803079163461860901e+01
5.492536796569144286e+00
6.268549531977198441e+00
4.573522889213514020e+00
3.537717351619909412e+00
2.726464185103835192e+01
1.786567845315120806e+00
2.621599874409111575e+00
1.712281127840344030e+00
4.841529708381002273e+00
3.519275459401059791e+00
4.469318552507163034e+00
5.688329961176405192e+01
1.554256699554771526e+00
6.808584504788735003e+00
1.196345038804849992e+00
1.480413080170697704e+01
1.960739030645373049e+01
5.177209290107181339e+00
3.766414696788241656e+01
2.700010237196339702e+00
6.192497770096181853e+01
1.431253119232588800e+00
3.392754617570020059e+01
2.952818394063120166e+01
5.523308372287321966e+00
1.508891349538512472e+01
6.475310274454005643e+00
2.138905577078650211e+01
2.257010833022818730e+01
3.007440720678996371e+00
4.248109590767216837e+00
7.663220498200344011e+00
3.392827606164072307e+01
3.627731604747119754e+00
9.197708182918834297e+00
2.633200731556022944e+01
5.245626917047129467e+00
8.400693014567579553e+00
6.470348803407631522e+01
1.418749156831773028e+01
9.396455454809039054e+01
6.090649055607510576e+01
1.117583923138000923e+00
3.291243283493954408e+01
3.033676315706294346e+01
2.079812952381818292e+01
1.916098628551201699e+01
2.414218264565182892e+01
5.595584789530575875e+01
2.459291499935402214e+01
1.628005783887319424e+01
1.766778700371321786e+00
1.695294156594499313e+01
1.971249899739729372e+01
9.722670164080117416e+00
5.307678867169189019e+00
1.049460730221978899e+01
7.862548907343502869e+00
5.781927531536492637e+01
2.654721218542298811e+00
2.902078785029712193e+01
1.403342836626468504e+01
7.131131512289295316e+00
1.291139421258500564e+00
1.407129826171798825e+01
9.457218923497279661e+00
3.768558762742853929e+01
1.278124089573046440e+01
5.154640345439897686e+00
4.067555009342223826e+01
9.711877479665167812e+01
8.333649541025890173e+00
8.325589663008422292e+00
3.333901783736173741e+01
4.868277832536451299e+00
7.830875489497590536e+01
1.851048490385570178e+00
4.130942507086446724e+00
6.498095758914691267e+00
7.584890933257334211e+01
1.466676513370058821e+01
1.121756977625451412e+01
3.675229500604166866e+00
3.287899490705777250e+00
6.619798389663068861e+01
