3.095881328264408872e+00
5.710387143670558885e-02
-2.810181937123146234e+00
-1.911470922518168081e+00
1.915229100980938348e+00
3.757718535201215460e-01
3.830355356564209224e+00
-8.668535919636566334e-01
-3.200525767025848012e+00
-5.679112341635939032e-02
1.343881155601430955e+00
-3.296942417480234866e+00
4.370510341507394259e-01
7.557491383261574214e-01
6.680448118868538288e-01
-2.620073895517143647e+00
3.000228650391504992e+00
3.202938826577685028e+00
2.554823209163864739e+00
2.284352111920160411e+00
8.420122970870336232e-01
-3.554930904386555568e+00
2.368764008056217563e+00
2.684081887365400654e+00
-1.448736373041437098e+00
-5.985129143127059237e-01
3.525318691533525950e+00
3.581743166393851929e+00
-5.236671729048483215e-01
-2.683732112315853513e+00
3.764890030297028289e+00
-1.518741398414281463e+00
-2.910083925073552180e+00
-3.617134330183676028e+00
-3.263460513267251173e+00
3.531877224388908054e+00
-5.378103136704970311e-01
-1.046517405018249747e+00
2.270662939931383129e+00
-1.407705388367658017e+00
2.284005487933979062e+00
-2.281186241456109265e+00
-1.741391974399881803e+00
8.667175687443942067e-01
-3.978594191796252844e+00
2.477331780530118266e+00
1.943343232828320666e-01
-2.214808532506129524e+00
3.273250451689007079e-01
2.666188048435958358e+00
