1.088026416350344139e+00
6.162537564361369569e+00
3.939188042955509417e+01
3.506945693114492446e+00
5.381505878669153731e+01
2.305133900105350975e+01
8.360612480519044709e+00
7.442319527973459081e+00
1.777281569116593074e+00
2.921671168265609797e+00
1.149590004697075951e+00
3.555378024056173203e+00
5.761149874187596609e+00
5.078285137339207012e+01
1.495430823846389323e+01
1.423186922487388539e+00
4.953186639103602573e+00
8.311401440706394794e+01
2.107857798841934471e+00
4.113097954605620110e+00
3.043988455827652118e+01
4.060889293953210455e+01
5.267097608198938019e+00
6.762414423820612797e+01
6.406009040410710043e+01
8.843723494111499406e+01
1.186232698753669101e+00
3.512016572184271546e+00
3.491380308786913300e+00
7.194935440100489465e+00
1.669359467389352814e+00
5.388846173344266077e+01
1.572416392805198626e+01
5.002704694323308843e+01
3.074447058893039753e+01
2.637917527094498116e+00
1.452753246599493675e+00
2.475701850769760171e+01
2.148322556401066663e+01
3.862091374494467289e+01
9.963256057832045087e+01
2.911424514292904053e+00
5.072688591485517762e+00
4.189963918323463332e+01
5.502992526616059976e+00
3.817364119884904738e+01
6.426576301369239275e+01
3.148505971359770950e+00
4.031102211095291210e+01
2.869685053208161918e+00
