6.107882456656052561e+00
1.772847939704289999e+01
1.596773086963052091e+00
1.285423154424882419e+01
1.247477720558926073e+01
8.621712291805449624e+00
2.667607869608493587e+01
5.530550292672688784e+01
7.343940667415509438e+00
6.575497171998609502e+00
1.098630235636649566e+01
1.679455112563237762e+01
6.472928596346791608e+01
2.069844269005336557e+01
3.819696484705664119e+01
2.742625282083481775e+00
1.659612889088487142e+00
7.841866444650461787e+00
1.553056740200038810e+00
1.463130765567296798e+01
8.079035227500042993e+00
1.563836526051866826e+01
5.907769656957520432e+00
3.003329634926003422e+01
1.510586865407063328e+00
5.760963670609647203e+00
4.937808403888305442e+00
3.460675310151160033e+00
5.171817225348173785e+00
1.743589135861902895e+00
2.266414917897020231e+01
1.083986706072660766e+01
6.125412368940398267e+01
1.957780319605559782e+01
1.981941279125416511e+00
1.770220687095469003e+01
7.779187117891979142e+01
2.161436467000100503e+00
1.397918372190593894e+00
5.337905322671482544e+00
2.211159434721045258e+00
1.836833257373242212e+00
5.741725528523518030e+00
3.014227096639717729e+01
1.072701567344440221e+01
1.308594272550898552e+00
5.497903425323083404e+00
8.466296801719435550e+00
2.714398164843906613e+01
1.860458377304728295e+00
