-5.631824691022746521e-02
-3.202358583012169468e+00
1.633368242951558358e+00
3.881168782529499595e+00
7.195722734919796082e-01
1.809903459024299721e+00
-1.686226680737012984e+00
-3.159289469647675652e+00
-3.699753002304672300e+00
1.948943288865599754e+00
-7.785749216594162192e-01
1.716864896765822657e+00
-7.958736102062404782e-01
-1.545874635791824048e+00
-4.243584322009290588e-01
-1.152344897346579522e+00
1.357756407009951261e-01
-1.380556284895923191e+00
-3.795541066861434665e+00
-1.180037150409493307e+00
4.557826492267302854e-01
9.025709000532593507e-01
-1.337872372883826877e+00
-3.429277347506906715e+00
-1.043176661050027043e+00
-2.270766223543922102e+00
1.940280954863298213e+00
1.948229206166527838e+00
-2.982556093899289884e+00
1.150282430008129353e-01
