2.983762457400382928e-01
1.081958727133978115e+00
1.027196096896494382e+00
-6.163468585887006412e-01
-3.874405535156320468e+00
-2.125531761263204089e+00
-1.766765535301857426e+00
-2.048466149191165542e+00
1.772360221452111695e+00
-2.328225512343229830e+00
1.177826107203002515e+00
2.412249500184003637e+00
1.055843683212282613e+00
7.237157903672368775e-01
-3.940871192398605061e-01
-1.511157352812365851e+00
-3.521110542763728368e+00
-1.218518058826268735e+00
2.188832387386320022e+00
2.386008236329351107e-01
-1.817567517918575071e+00
-3.075249017081736369e+00
2.938015764277963626e+00
-1.390359977038479578e+00
1.917226263556833565e+00
1.082523798688194816e+00
-1.306794398404478308e+00
1.774676036961989389e+00
1.695011814129925298e-01
-3.823986331819903661e+00
-2.109167238687676971e-01
3.589719283734759792e+00
1.602020677200183485e+00
-4.799749179878007865e-01
-3.278807690035137057e-01
-4.726284974310335230e-02
2.066106489409749614e+00
-1.820726890218955951e+00
-6.659224084613422079e-01
-1.938916376908249362e+00
2.420247509259770169e+00
3.751100221929272394e+00
-3.478845994415022957e+00
1.286781285609777115e+00
3.224009961156196979e+00
2.619267190721887850e+00
1.609596961009938099e-01
2.386548135531850079e+00
3.592228000522193376e+00
1.403433752041586047e+00
