2.331002970714856737e+00
2.875262464668544737e+00
1.255734777749255926e+01
1.560226274796121970e+01
1.204188950103190603e+00
6.915859798902191713e+00
2.452143803801166033e+00
1.510886925899147970e+00
2.125584689380897174e+01
7.510598841904796075e+01
2.096517305335343195e+00
7.170063558453735197e+01
6.436498219660074405e+00
1.178010872188231239e+01
4.898495779561394414e+01
1.072318817034768657e+01
7.514899158615754970e+01
3.789286980780714487e+01
5.597992912206094296e+00
9.186693848571077581e+01
2.975246919175338789e+00
1.422070026244544394e+01
3.328202801404316347e+01
5.259261767363788920e+00
6.688377873478332347e+00
2.593427228523415451e+01
1.109599716230561661e+01
1.647738205840815429e+00
2.631614437546254681e+00
1.966429365316387345e+00
