3.879613570246475973e+01
3.404936502511926477e+00
3.882108543978992188e+00
2.086467696454729293e+00
8.465087137064102762e+00
3.752513590194048021e+01
3.307674347977413731e+01
3.728436322007163017e+00
2.954525501116765263e+00
5.472688814796656587e+00
3.084156892394568583e+00
2.048333453448538233e+00
1.198408913759330652e+01
2.086178633621571166e+01
2.773186200645431398e+01
2.233649140805734401e+00
8.778314421252202848e+00
3.358618182913713923e+01
8.263653584933873475e+00
2.619229055750869950e+00
4.670361978864919195e+01
4.154651423089032392e+01
2.499348168210026344e+01
1.553394044659546758e+01
1.026017965086170491e+00
9.051076748026948948e+00
7.884640369151563632e+00
1.395943362664605614e+00
3.765865827106419150e+00
4.759502602134227267e+00
5.513816158441977677e+01
3.604778286626111594e+01
2.333350918484389780e+01
7.831617910011526185e+00
8.596798925529260771e+01
1.049645307995314303e+00
3.037938399202094519e+00
8.234838793711463723e+01
1.428366189625637217e+00
4.132331554418889219e+00
4.673031536967604538e+00
5.950510525131080186e+01
1.074511881440978645e+00
2.622134612094157902e+01
1.458447192431031247e+01
3.524344301424735981e+00
2.562501832531751589e+01
2.848854301126859667e+00
3.372189840819832796e+01
7.936725613940149415e+00
3.383867081925569842e+00
3.039204889071031346e+01
1.890932768643605044e+01
6.608150304233056715e+00
3.274529301561657668e+00
1.224583837568602895e+01
1.758948035082128314e+01
1.308330242700618262e+00
1.882113452782515850e+01
2.120977685067610974e+00
1.056476339679480425e+01
8.441917350497540440e+00
2.944228878475616096e+00
1.368377982912182489e+01
4.358677143196369741e+01
3.614407498475326719e+00
1.651494969919480305e+00
1.435054724820677485e+01
1.061941044548933810e+01
1.611657700006289717e+00
1.420360847487233791e+00
4.925062638015877958e+00
4.376246599890098565e+01
2.125854363288515714e+01
7.979907016943911913e+01
1.262042706121977442e+00
1.534615045247458953e+00
2.417224405750793448e+00
8.232281842930591509e+00
8.960717496881876798e+01
1.739241706774524943e+01
1.033084540728931522e+00
3.989235572994875412e+01
4.860013465815274714e+00
4.674045187959302439e+01
1.905814561224232095e+00
4.202597547587824067e+01
1.611052236842510643e+00
3.979844058300680665e+00
1.533011624041307641e+01
1.069175294087348149e+01
2.529423880844156702e+00
1.116723252237908692e+00
5.972276139589943078e+00
1.833067196154954059e+00
2.266926986404065048e+01
2.032148323083254660e+00
4.245050886258082556e+01
1.818506874496355508e+01
1.624031120471588352e+01
