1.617312406077608511e+00
1.835606555703168397e+01
1.192775302774680135e+00
2.746622185141838202e+00
5.720420966999633094e+01
1.601440999379557306e+00
1.022721407900660040e+01
9.862930126675428255e+01
3.534489745178234887e+00
1.152995352360719572e+01
1.491090855111698588e+00
2.518639797065705110e+01
5.053388682188083791e+00
3.824392352372365966e+00
2.615819959552453611e+00
7.632230322074897799e+01
6.725883285893235097e+01
1.193534091172180789e+00
1.150384939395345540e+01
8.520965038521853785e+01
8.159322699004649238e+00
1.035683175504038100e+00
1.610476376859036884e+00
2.535797707371759913e+00
9.955726343714712101e+00
4.232005772920140174e+01
4.755392197123346598e+00
5.554702181019985474e+00
1.966411658004773244e+01
6.435751180270985472e+00
