2.238486096933845815e+00
6.269969880510043936e+01
7.953918962942421444e+01
5.075543783990783098e+00
9.110249532295744856e+00
1.605912744513055657e+00
5.666417920896630989e+00
1.527477167076149334e+00
1.128923522425373971e+00
2.825280485431963307e+00
5.737587365225896008e+01
4.438066467833979623e+00
8.133244168480951330e+00
1.830099270506400444e+01
3.234200813220973192e+00
4.322677956990885662e+01
1.650522311091118866e+01
1.154494125821662331e+00
3.129524175644025963e+00
5.456250874718595156e+00
2.957744884855774714e+01
3.236585351033805402e+00
2.284167847540841123e+01
1.362438570063409182e+00
6.454534837377173062e+01
8.242408422129861378e+01
1.844907567133338233e+01
5.028021260716742269e+00
1.160497765889403787e+01
7.815474721530756597e+01
7.618598715621642370e+00
4.744387278419201159e+00
8.260592201686968394e+00
3.470670427291484561e+00
9.966065529379180887e+00
1.108160832267632223e+01
1.843624771249577021e+00
1.582428437342224647e+01
1.606379492533523390e+01
5.686141634152641444e+01
8.894030621851038632e+01
5.984812431121846998e+01
2.375322451829266868e+01
5.372709064990599082e+00
1.024142557035564138e+01
2.269368399687923343e+01
3.293341078693589719e+00
6.595207321991900073e+00
6.964859021601357725e+00
8.085993327978697209e+01
