1.057877672566222671e+00
3.983530340476551856e+00
-2.342596956670396580e+00
3.887474272585409452e-01
-7.568029452633036058e-01
5.303822939240951939e-01
-2.373656587495099224e+00
1.587040984015548162e+00
-2.014411977270766485e+00
3.759559957754523118e+00
-1.440832522994385911e+00
-3.158870781195119548e+00
-2.056038278527659635e+00
9.918078803136571864e-01
-2.686869534077913180e+00
3.496389509008906771e+00
2.173558222316864352e+00
2.492429391659427118e+00
1.204298582867999734e+00
-1.813810535302859073e+00
-1.265777615081549179e+00
-8.920191799954784173e-01
-3.952215478147536487e+00
2.037929495743392216e+00
-2.408326360343512107e+00
-2.939145559564249055e-01
1.660562000207567834e+00
1.702851005791531591e+00
3.986567481055983464e+00
3.088538476283558154e+00
1.042811248704785143e+00
-3.187026783745602998e+00
1.800108589656632674e+00
3.291598044928747413e+00
-8.705483880217315118e-01
-9.925950864286336994e-01
-3.033995083351306299e+00
-2.100449374537349811e-01
-3.438180525051320657e+00
1.764962692191749838e+00
3.049737676186241586e-01
3.735069450216855103e+00
3.481180545480285105e+00
3.419669102324754739e+00
-8.576416558170514293e-01
-2.189434819601114413e+00
1.090160793366048431e+00
6.224944785821504567e-01
-3.501688565184014834e+00
-2.652335452158419926e+00
