5.885217826885887682e+00
6.003128736311037272e+00
1.254073096033847889e+01
2.207843316354225927e+00
1.717853375758636858e+01
7.992334788779248811e+01
3.484906378661178028e+00
5.193858499057482092e+00
7.151013797093581559e+01
7.501733311193480525e+00
1.363653366866390160e+00
5.002308553712163786e+01
2.182581261439985454e+01
3.134730446683091643e+01
4.253532193898713842e+00
6.856980219161150103e+01
8.488875140707384048e+01
7.017448913940175004e+00
3.402650227804549843e+01
7.341889574068888180e+01
4.461704912169899018e+01
5.214080163930415068e+00
1.045255289043069347e+01
2.731728745862898222e+01
9.669887518168691543e+01
1.558798183387926528e+00
5.561999080168997800e+00
6.194930951064387159e+01
1.700546769564774685e+00
1.644002821598075759e+00
