1.197439290163299752e+01
2.131756891815332455e+00
1.929053865914271526e+01
3.541534596182752637e+01
1.067248226832252067e+00
1.375438500477062220e+01
3.681551440666980035e+00
2.100933460934886554e+01
1.344878661795865504e+01
2.526845286591320683e+00
6.368391633602863777e+01
8.036480948475399089e+01
1.699568295301002063e+00
5.009263378283947787e+01
6.164730896105051272e+01
8.548037371423214381e+01
7.514111977650799190e+00
7.845898587507487321e+01
1.600880918415154230e+00
5.700742764071140556e+01
3.992521204543789537e+01
1.533111003706864395e+01
7.088438200323867022e+01
8.054710103566453228e+00
1.261813946880174120e+00
5.170123392977360766e+01
8.548575439902824868e+00
2.434224571955429184e+01
1.825297894257120745e+00
3.484055667207741891e+01
7.373173382991676128e+00
4.760250987684209178e+00
2.478228825590795026e+01
1.354755532634945636e+00
4.262599074621808093e+00
5.042967020294649672e+01
1.682068801562120086e+01
5.020754896344443274e+00
2.366964362317418846e+01
1.162582424142941884e+00
1.345283870236763946e+01
3.225542433268172360e+00
6.619680042904886541e+00
4.676116551969682789e+00
1.031202001849419858e+01
5.423774695791404810e+00
1.020081260296094694e+00
2.934779429368666470e+01
1.471433104699495686e+01
4.813727957064192431e+00
2.431670851589970184e+01
8.700784409655949503e+01
9.280724054848791482e+00
1.821642477744994437e+00
3.561688181441232004e+00
1.183258993652555935e+00
1.780619271680092552e+01
2.817245701946526637e+01
9.448068840408694768e+00
2.341183730828166443e+00
7.901547038980965887e+00
2.229717757900453989e+01
1.956522448043588369e+01
6.205128582671136428e+00
8.153265560265269940e+00
7.234646706607875899e+00
2.604914962842630910e+00
3.290735544070980012e+01
7.670481630285580366e+01
2.860261756221419205e+01
5.654560466547401631e+00
2.822481674706192933e+01
5.534071279670789067e+01
4.510453925361608185e+01
6.643887977256581223e+01
1.183308601619665090e+01
2.330386874621306958e+01
2.534122529882549824e+00
5.663108247928509975e+00
3.492925412444481736e+01
4.245867744658698761e+00
1.397064925042435668e+01
3.236603232975190991e+01
2.079444558449327296e+00
1.928554729632368403e+00
3.437605132731749791e+01
2.950154201744009086e+01
4.102082260072024411e+01
5.557137627591163032e+00
1.797836915147626113e+00
1.130457642474861135e+00
7.580149345715400955e+01
5.346077076675039841e+00
1.036162095586799614e+00
2.720647970856084452e+00
5.339714602805762667e+01
1.053358399451480576e+00
1.561046258145407606e+01
1.238537266443730545e+01
1.646615849790071584e+00
