1.445262450441263891e+00
1.645501475105002775e+00
6.243980314015962563e+01
3.296525794401404585e+00
2.125916270404052355e+01
3.002885698664020442e+00
2.382403281285141006e+01
1.680090629645945555e+01
1.387046566537107317e+01
1.085496722484307419e+01
2.421798698516806070e+01
2.167051835702349827e+00
2.797577654793084889e+01
7.749123178190121308e+00
2.034729222863210296e+01
2.500908935199226857e+00
6.836670728642895156e+00
2.239119921011061720e+01
7.234706551283911935e+00
1.069431726888593737e+01
2.007962900792000127e+00
8.086468276835458369e+01
2.890540237498823828e+01
1.130335207533384567e+00
9.382960072789840567e+00
1.821999630639745860e+01
3.892126173450745341e+01
3.428308181111157094e+00
3.349597384163490688e+01
2.121158782951695798e+01
1.834389928847400819e+00
1.350708350243443334e+01
2.139832525061772017e+00
3.010126697346504088e+01
1.358370802832954194e+00
8.032864230469878919e+01
2.615164913325186191e+00
3.775818398096513651e+00
6.272922318964700317e+00
8.589415498222171763e+00
3.271650796681304652e+00
7.424836214752912156e+01
1.525698149359604017e+01
8.971185732548320857e+00
8.074021137287800798e+01
5.888743837022988714e+01
3.526920764168662004e+01
5.223742577869565906e+01
1.656663656680130714e+01
4.559794812883638748e+00
