-1.433164082497873082e-01
2.734555872230040485e+00
2.483225062031759300e+00
-2.339299071602586544e+00
1.569190320413885509e+00
9.062539511675593573e-01
-1.261233363646820926e+00
1.240900204374471016e-01
1.868405284367268493e+00
-3.067684980955627694e+00
1.893123488444499181e+00
-1.476693423193940369e+00
-2.392184279395132229e+00
-9.864398766875206448e-01
2.494852184799372985e+00
2.232396888748194641e+00
1.818443050744360079e+00
3.177835177321948201e+00
-1.405737916130202159e+00
-1.129120999985132379e+00
8.223348089968975927e-01
3.584177516631488203e-01
3.136100145013132057e+00
-8.010280069952120385e-01
-3.843875602002415626e+00
1.352615555534920411e+00
2.886853507595255053e-01
-1.708183339048894744e+00
5.252250176247530433e-01
-2.217766971319715452e+00
