7.884646014977367834e+00
3.614188008902251426e+01
8.365977768034487383e+01
6.536791460273231280e+01
1.680135679562115314e+01
2.446710643795705131e+00
1.162224908091062048e+01
1.556305920767621753e+00
1.673894716355862400e+01
3.710384400402358729e+00
4.957095090766872048e+00
1.742674318110825737e+01
3.026605683685303561e+01
4.592193805227551273e+00
1.012595548886437058e+01
4.160347068487229016e+00
1.247509628089742861e+01
4.597517501053229871e+00
5.711732411180710045e+01
6.916497258479689947e+01
2.460081693933427616e+01
6.623740112027217464e+00
2.853945404048157108e+00
1.368874744197387372e+01
4.882710604360976703e+01
3.660909726189701985e+01
1.128453535640514893e+01
5.434397907866739708e+00
4.011679197487462289e+01
1.634582646020468744e+01
1.177493132040870094e+01
1.125380260475356220e+00
1.662763927322557933e+01
4.138676017889421743e+00
2.532447220861924198e+00
4.035876500002819611e+00
5.986723476838389679e+00
9.525331529695105814e+01
7.726938641285416409e+00
6.049767937509895432e+01
1.688929170363844889e+01
1.084004652020858650e+01
1.437820571600523500e+01
7.257074076258632545e+00
1.972760210439752138e+00
7.666406214026506127e+00
2.646395843628044631e+01
2.799444941737959880e+00
1.950283046646822172e+00
4.992616700010208319e+01
