5.986884169489515628e+00
2.305916611474260591e+01
1.160318892613577191e+01
3.757953303619645880e+01
3.771328294281442339e+01
3.167941328335324602e+00
1.854696987461235125e+00
1.397771697112434541e+00
1.093592651409122984e+00
9.505085474101510101e+01
2.090905407293289553e+00
1.102900221690657379e+00
8.507172687860375504e+01
1.043910787475573976e+00
6.627670018463696522e+01
2.009463046394047048e+00
3.428206867526882462e+01
6.134255580634728311e+00
2.592818214371908425e+01
2.810833792429439537e+00
6.017818822909869425e+01
5.333881561801514515e+00
8.417895706861584415e+01
5.975807175518696823e+01
9.773753652146977444e+00
1.993040678904229424e+01
8.974706685079173951e+01
2.304411973993943263e+00
2.975904318683824101e+01
3.066650027659796329e+00
8.934703715135552216e+01
1.127330477455977586e+00
9.529408028771110040e+00
2.899018953509346375e+01
8.566462816345665487e+01
3.476865721550507438e+00
2.396817071280144873e+01
8.463399213703837631e+01
1.256888556280840064e+00
2.193574729633922527e+00
2.723565228654496195e+01
2.405074366371226180e+00
1.719816259289346894e+00
1.436029420042285665e+01
3.074987764620855302e+01
6.993745493747851150e+00
1.392824875711663779e+01
4.651692381523174546e+00
7.658025181881994214e+00
4.785473820359202790e+01
