1.795732881700942585e+00
-2.489203019075064027e+00
1.546272083338338099e+00
3.464744657181589638e+00
1.585003645557845786e+00
-1.942837529190661883e-01
2.224594091464607182e+00
-2.205601185884624726e-01
2.140398636825410428e+00
2.742441478445726055e+00
3.387316462586809074e+00
-3.110908073870041868e+00
-2.362964066761262139e+00
-8.471645864583567942e-01
-3.056079224215755730e+00
1.774120021882644949e+00
-2.697153928212925322e-01
2.200786530503584970e+00
3.758708628749500846e-01
7.665969603015714284e-01
-1.587389179299735886e+00
-2.819264453304911378e+00
-2.289664005335623642e+00
5.621353615517046265e-01
2.450096374145488198e+00
-3.831084502910464984e+00
-1.517665667555727183e+00
-2.328602346912732379e+00
8.030708655452558631e-01
-3.759944114476246213e+00
9.491676863087317173e-01
3.820212744112793324e+00
-1.216709157501560945e+00
3.371168807620770203e+00
-1.868704163931863782e+00
3.752263606503889015e+00
5.443972332576869633e-01
-2.464420235402391413e-01
3.190306551393494061e+00
3.508128894819632748e+00
3.715864203590926174e+00
-1.892777269044577437e+00
3.713704768423463420e+00
1.816310698051545103e+00
-2.673503850253595715e-01
-3.798538683540133576e+00
-3.211351881595303048e+00
-3.527846181302862760e-02
8.242119261220821613e-01
2.306521997602482443e+00
1.233474201788728131e+00
1.690800707382277501e+00
-3.475110037235501714e+00
6.104338519268468488e-01
-1.689729917322670083e+00
2.567423049243179989e+00
-1.144276456231403394e+00
-2.229440541019165778e+00
1.244687372605742581e+00
-2.019756177836828037e+00
2.670965725450503925e+00
3.358220003072205806e+00
3.663268030331770397e+00
3.307044105545609014e-01
2.343192019511850077e+00
-9.883755721877642841e-01
-3.089560478082700179e+00
2.867162805849741147e-01
2.838524436224837189e+00
2.754212241812843409e+00
-1.420539551930238176e+00
3.180373085676209577e+00
3.438795336871735664e+00
-2.224908239771391294e+00
2.718865898690573601e+00
2.324045628560662990e+00
1.224364208605967619e+00
-3.597422132445649012e-01
-4.740345400999652625e-01
-1.754872229068329403e-01
-2.492678935983132504e-01
-3.558550504501147849e+00
2.564333495643369432e+00
1.814839371822376535e+00
1.747701784776494627e+00
-1.334843532188256354e+00
-1.032379898907467286e+00
-1.628100978568217450e+00
-3.884028315645487339e+00
-1.366240332670258795e-01
9.491524127252413123e-01
-2.381475586291822211e+00
-3.849950522945587039e+00
2.412730204085109520e-01
-3.640143814105178066e+00
-3.744189810955199427e+00
2.430389380282493406e+00
-9.392096742468467596e-01
-1.963785830306066238e+00
-5.007555293252741180e-01
