1.835618547434960224e+00
3.852121334093249061e+01
1.824089361340593074e+00
2.744681166762424684e+00
6.576178411071037289e+00
3.799994105899467733e+00
1.188047257725709294e+01
2.512909875565932794e+01
5.779772131112925315e+00
4.962171499069030212e+00
3.844848008265441308e+01
3.164385605840698279e+00
1.035669285474023837e+01
4.514712707737723463e+01
2.720674228208746825e+00
9.546629093684250833e+00
5.380556348672780587e+01
4.988855774804301291e+01
3.290419590274682093e+01
4.455293058349293567e+00
4.832339344171941775e+00
2.824715737549989569e+01
4.694433515631201459e+01
2.606834440422308941e+00
2.801251488497468856e+00
1.303689321726278827e+00
1.078700732263947515e+01
3.049622869556518623e+00
1.115378200146391308e+01
2.155019654224395342e+00
