-1.875221091790337802e+00
3.703544197936630589e+00
-1.326891657455522733e+00
-3.732586933097340243e+00
3.778946685897190960e+00
3.916656832420955858e+00
-3.481617306308320003e+00
-2.500027111653606582e+00
-2.287518639086201233e+00
3.920062257114498294e-02
-3.265940141453980594e+00
3.951998281800870316e+00
2.928456274970375084e+00
2.036934657113192770e+00
-4.563945395922637260e-01
1.698461889538560143e+00
-2.903014719250903042e+00
-1.961321630025059548e+00
-6.429142209012015385e-01
8.248165245223670894e-02
-3.470200288916488240e+00
-3.040847827196829556e+00
-9.460747841326417884e-01
3.825489815369806479e+00
2.533195058617914164e+00
3.305605812177769387e+00
1.953812018938819506e+00
-9.264480681280620189e-01
-1.087452215145029655e+00
2.337855506568858210e+00
2.179284416683778147e+00
-1.742566861344701401e+00
-1.255036187113244495e+00
-1.235276164310040059e+00
1.890522842433920658e+00
3.670308453003690907e+00
-2.158890098161808879e+00
-7.413424589051142988e-01
3.793453317899158961e+00
3.097551677824066374e+00
8.472213641941443996e-01
6.934574680500089627e-01
-3.074154162520139622e+00
-3.455808065571948084e+00
3.184893981830517973e+00
1.171178513070014304e+00
1.610266892444668585e+00
3.081335113869576148e+00
-7.306829138284873792e-01
-2.873020725323369717e-01
-1.418901079443995350e+00
-2.132027630726525125e+00
1.897494843153241462e+00
-1.166387656029250763e-01
2.814259547118085791e+00
-3.179944625089119903e+00
1.647373074401093263e+00
-1.597446535391548572e+00
3.732161272324489687e+00
-2.881963209290230310e-01
-6.870584991631281113e-01
-3.906644524347523628e+00
1.823161292917925280e+00
-3.354636699756472495e+00
-2.579066225675882507e+00
-2.826250795184891196e+00
6.893023232309580806e-01
5.288308118917308676e-01
1.485741847152832307e+00
3.097670958948331332e+00
8.540323306170929385e-01
3.328368132644383692e+00
-3.808381688732922044e+00
3.327875173139508647e+00
3.297747731407447702e-01
5.453274453010727996e-01
-2.160250509210923653e-01
2.460835232963141550e+00
3.305846850818632277e-01
-9.779683975495512271e-01
-4.758669525419216839e-01
3.108744904458096592e+00
-1.901637486175455471e+00
3.697641925690063225e+00
-7.517789448666079011e-01
1.587916925994144357e+00
8.102513632895540496e-01
3.909031069025295402e+00
1.709790932597169189e+00
2.581046918988949557e+00
1.535142478194012838e+00
-9.937433368468777672e-01
1.435951428498457361e+00
6.147516332433928810e-01
3.703415401522183181e+00
-2.577784207032310704e+00
3.461025518055889094e+00
-9.126809125973194270e-01
1.702558519966567374e+00
2.977592378243580029e+00
