2.410345042823535167e+01
4.682333324950882947e+00
3.212210590864232529e+01
2.785409009838594852e+00
2.863224142692511975e+01
6.858058408989763599e+00
1.783402888865429858e+00
2.560980560368658132e+01
5.192367962331351094e+01
3.813325683053004411e+01
2.494516700124936293e+01
1.294497496033411288e+01
7.469863491200547401e+01
1.009572755247873266e+00
1.575582932297465266e+00
4.906614819345913503e+01
1.264283264133273299e+00
1.736430509688308632e+01
5.773435279414668742e+01
8.832109502515725907e+00
8.026958879480010012e+01
1.307714632426994328e+01
8.287599365158689224e+00
5.089706214849198496e+00
9.220261792563023917e+00
1.846085405943445323e+01
9.096698050251823986e+01
1.030132444498908839e+01
7.986907967622977367e+01
1.054895828839159400e+01
8.330436743078506368e+01
2.973492798635095724e+01
5.375591544280348799e+00
2.779397506790521533e+01
2.117468042945032991e+01
2.992046764609929710e+01
1.335697483498625049e+00
8.423228296214690047e+00
1.265067670752297069e+01
2.941573548102924818e+00
2.097199592355296360e+01
4.421060598704182887e+00
3.522308911690466005e+00
5.400619734213194789e+01
1.162133345652433114e+01
7.386656325275383850e+00
2.078434366388059562e+00
1.053534573918752715e+00
6.305027259449970778e+00
2.388722569775308102e+01
