4.187029492764486882e+00
6.848611121348208819e+00
4.905608009008492587e+01
7.763819411868235321e+00
3.085749396903396402e+01
1.179176022712558281e+00
1.463889208065469028e+01
8.955418712864076980e+00
3.522005825441070925e+01
3.977957145182737353e+00
2.729221674295585487e+01
7.524243966761710922e+00
5.453791246974466134e+01
1.861455248815097718e+01
2.027860060651578866e+00
2.014869845579946883e+01
4.321653795739007364e+01
4.570267710998129118e+00
3.267778514306170479e+01
2.536871567990294452e+00
1.633020681302580712e+01
1.616005532424524915e+01
1.808462064211962428e+01
4.661028715639208997e+01
4.661582816412862229e+01
2.687267872589919726e+00
4.526894072620662790e+00
1.061380177504836020e+01
3.992936034573263981e+01
1.751135061752729527e+01
2.723736555462577158e+01
7.333160414502920332e+01
3.281060024392058949e+01
8.512521726196543170e+01
1.095399562877665645e+01
1.054822019709311887e+00
4.488137121696291132e+01
5.979952348277448948e+01
7.842453185752487954e+00
1.983172777016393384e+00
1.581115722827412640e+01
2.725039022067798911e+01
7.388211008813989622e+01
1.617178055970466932e+00
3.891870760327523016e+01
6.208743405669003401e+00
5.979400884372952163e+01
2.585424529675718563e+00
1.273897520408258988e+00
2.241045289079314529e+01
1.039198455422469003e+01
1.445282933338933873e+00
1.455359821988328584e+00
3.038502851992592735e+00
1.567392376610938065e+01
1.171364806082523913e+01
2.491123744125364858e+00
4.517263171928740206e+01
2.020982132785919916e+01
2.485743499057788597e+01
3.135939520748150500e+01
3.543443551632136490e+01
1.842948254383376749e+01
6.040339440109727676e+00
3.681040704337628000e+01
1.762863600083713678e+01
6.588586236121448891e+00
2.887479002343843248e+00
4.918776806306955507e+01
2.797128636017843206e+01
9.059806633642257623e+01
2.279177708220547771e+00
3.181055618406091057e+01
8.257203444183875263e+01
2.838024834941341723e+01
9.511066807697503123e+01
1.075104037432554005e+00
6.136490330995747478e+00
1.209618350159140876e+00
1.283341441095120494e+00
4.752946937771292291e+00
2.004488881091092622e+01
6.090292377323555684e+01
3.927195082806370419e+00
3.069648431656401755e+01
3.623659753298063180e+01
5.016840705461424932e+01
6.576260841687234127e+00
1.000700081204626279e+00
1.489087788892310416e+00
4.556721786300890642e+00
2.369073264213518115e+01
1.459580922303628236e+00
1.544233540115711634e+01
2.820441232640880713e+01
2.779508147443859656e+00
2.661729955779477574e+00
2.688837084449724468e+00
4.253682186652733677e+00
1.142119133166368483e+00
