-1.460351511174576622e+00
-1.412513972952066155e+00
2.689913506438693425e+00
-1.350813063694004335e+00
-7.735299529585333289e-01
-2.116633735195263100e+00
-1.603391746958193309e+00
1.663500893860625496e-01
-1.826422236397982068e+00
2.172992608591854058e+00
2.579607653430416647e+00
2.358626975234232148e+00
3.674383142105470235e+00
-3.663260071922632477e+00
2.741383961398859093e+00
1.239597589161771651e-01
-2.537247367543509213e-01
1.116225159627534325e+00
-3.403980287327524223e+00
1.285791418056799529e+00
3.673792143164547497e+00
3.808272101280385513e-01
-1.470137683811548079e+00
-3.226076095219293727e+00
-3.398380292671623337e-01
8.450239028017119125e-01
-6.396569826366453881e-01
3.659639796204214868e+00
-1.478860989972980988e+00
-1.092029169126300658e-01
