1.156761544879481463e+00
3.452749187517917484e+00
-2.146093103862174445e+00
3.606143538164611861e+00
-2.177416334518829544e+00
-1.925419517412932713e+00
-2.228605886957643278e+00
2.341765191767867016e+00
-3.490748753350103151e+00
3.470520172987245466e+00
-3.926689259868626714e+00
-3.995830050614793016e+00
-8.904637248626059431e-01
3.892277337282799898e+00
2.596558451135281942e+00
-6.518300094688109780e-01
-2.368311875628132945e+00
8.044524455834229926e-01
1.203224813261147830e+00
8.630452294639212596e-02
1.578718502213721564e+00
1.932777481241453543e+00
3.116992660603510323e+00
-3.697030598150331748e+00
2.626466508439147418e+00
5.141732473541162918e-01
1.343907861310373875e+00
-6.156160428788695071e-01
-2.237670834070202730e+00
3.258649355554540605e+00
-9.202470622502474384e-01
-2.934773400407557631e-01
1.809837724403488224e+00
-5.753850845832069183e-01
1.802748511564459477e+00
3.681030261141263971e+00
4.591727912558685176e-01
7.922289174000667344e-01
3.055476748982864699e+00
3.836042750958530867e+00
2.829317977648508453e+00
-3.334449048279459760e-01
-1.477085254379175261e+00
-1.059686450662784551e-01
-2.736657705983862598e+00
6.348996747609625402e-01
-2.236546900793849879e+00
-2.924626299421165143e+00
7.621367403899608206e-01
3.604506680453078538e+00
