3.351852816623833498e+00
7.813038291475606911e-01
-3.970340831536201875e+00
-4.846868035558538068e-01
6.867427307282074622e-01
-5.775809788410164458e-01
-4.557721531322833641e-03
-7.128997303596822377e-01
8.068026119158941967e-01
-5.159439030020598338e-01
-3.717508774724640475e-01
8.985462867566749168e-01
1.448678602837529361e+00
1.740396342919983574e+00
1.384643503331922432e+00
2.724133804277992787e+00
2.188015632132129795e-01
-3.154993528589666418e+00
6.142019681235311168e-01
-3.165578575277503859e+00
1.846419969202830913e+00
-2.009703710053482695e+00
-2.877039152091441565e+00
-2.840181165184587186e+00
2.575859576833175346e+00
3.935450924125371230e+00
9.145686955910070637e-01
-1.199640255679021550e+00
2.669069476590173906e+00
-3.788447527045082808e+00
3.783189285552412073e+00
-2.964335696900818995e+00
1.631778484209301716e+00
-2.355023536182665467e+00
-4.856396404948153389e-01
-2.814981350006569016e+00
3.886547108176129584e+00
2.281900535277549658e+00
3.125754466854718139e+00
3.754948216096479996e+00
-1.486172720583635254e+00
-3.351504239161190668e+00
3.229846520548904643e+00
-1.262788596713121159e+00
-1.994093376358945235e-01
-1.631956984413500678e-01
-1.308659904501030979e+00
-4.604592388862842611e-01
3.349998769394468390e+00
-1.908765611873581847e-01
