2.209370247224725858e+00
-1.642662017936523000e+00
2.985614689540691202e+00
-1.080052349604683215e-01
-3.253069766618079228e+00
-2.198391668331603377e+00
-3.575832630442599580e+00
1.215771052959436105e+00
3.888918633805061198e+00
1.227819204813220821e+00
2.409124259779441779e+00
3.123560377098422158e+00
2.281466174261312929e-01
3.945850515135679970e+00
3.066518532894076721e+00
1.511152307527685146e+00
7.785098137480668257e-01
2.243616080173235439e+00
-3.351393757620687808e+00
2.022150252810648752e+00
-2.051193512648923800e+00
-8.187503153708508563e-01
1.131736540296847338e+00
-7.801213372853190720e-01
-2.313154447270147074e+00
-3.215856397905571207e+00
1.509750085226245098e+00
8.365541798157503095e-01
3.296828954599313910e+00
-2.684472436770294124e+00
-3.955670119982645616e+00
3.160191702650867462e+00
3.218211852379851301e+00
-1.029526115764045180e+00
1.592618856314949483e+00
-7.924030275449691629e-01
7.882905944088847150e-02
3.370532139929036219e+00
-2.286803669455321320e+00
1.564937460880111431e-01
-3.969969625498824151e+00
1.269879524927284287e+00
2.251011738293291486e-01
-2.461897837941608103e+00
-2.912274007427551936e+00
-3.303841213059380166e+00
-3.583142321746777270e+00
-2.999522508794910891e+00
1.896710724639707024e+00
-1.988014843145656130e+00
3.090776535709514938e+00
3.571652574589501583e+00
3.217842669000797962e+00
3.506972476340910028e+00
-2.007692562239089540e-01
7.874231430004829946e-01
7.171186038410466423e-01
-1.847463077869693215e+00
5.435045150471955466e-01
-2.458512750140394942e+00
-1.102027233019506447e+00
-3.698379249013496128e+00
3.273326182063777345e+00
-2.872188240807924231e+00
-2.070309226957611770e-03
-2.792728230132262901e+00
6.451660844306150722e-02
-1.800531674744616950e+00
1.462274276558908070e-01
2.508603602446967784e+00
-2.596644288811710943e+00
-3.781044643999569743e+00
3.655744626837765132e+00
-1.890103955769282251e+00
4.307839323528845910e-01
2.695471977836448652e+00
1.481694325258902545e+00
-2.372320258041931140e+00
3.292787467712374294e+00
1.167477310522997413e+00
1.967307426489695921e+00
-2.685984354413273323e-01
-3.369620032421609679e+00
7.050034322694216371e-01
6.760074146719876609e-01
-9.993174265790809585e-01
-3.130979033854506710e+00
-7.629788363782443739e-01
-3.826277898231761121e+00
1.422425382513573311e+00
-6.902639164292532215e-01
2.789444198225737637e+00
-3.126843215821450528e+00
-3.474737936708089947e-01
3.060615664394292779e-01
1.258451707363652972e+00
-3.804298122674802052e+00
3.664438890296217721e+00
1.707285481279225969e+00
1.982510720029224238e+00
