1.705557051230681687e+00
3.433942657411318322e+00
-9.515352573361246513e-01
-3.011446293472721081e+00
-1.723183654599186987e+00
-2.759366258416262596e+00
-2.952690865557731748e+00
-3.993436512971677566e+00
-2.871560814981473975e+00
-7.227556119428237835e-01
2.112072511394558205e+00
1.212079878289838319e+00
3.647232634545649610e+00
-2.203894158585150365e+00
2.356317411095711911e+00
2.260412899422997057e+00
-2.532274324707089797e+00
-2.966422785457451639e+00
-2.521091487504340201e+00
1.570533394014990591e+00
-1.777954574928915399e+00
8.616555491304698222e-01
-2.151725844056607606e+00
8.970013457939440826e-01
3.287401291879658238e+00
-2.640340931760619014e+00
2.814584807052901816e+00
-2.334161485801152125e+00
-2.348194931739527647e+00
-1.063072290395364661e+00
-8.722729706046710163e-01
1.231195902751714755e+00
-4.092833837356018023e-01
-1.149006428151946757e+00
1.759394864100696232e+00
3.305310619353750035e+00
3.698536033163719594e-01
-3.316051157135904148e-01
2.084242171882973338e+00
2.599916688842361268e+00
3.964707259495289016e+00
2.137436236277838297e+00
-7.121450028539779709e-01
1.541493300509234388e+00
-3.352658566444528532e-01
-1.488013166597060177e+00
-1.580897332749977124e+00
-6.514665041210863095e-01
1.746386191958985812e+00
2.529018234909059082e+00
