-3.356174306463644008e+00
-8.521921695481688985e-01
2.543108780854151263e+00
3.942014582550925184e+00
-3.020247727934856741e+00
-2.725845881963913087e-01
2.081488160956044275e+00
2.115159063187812549e-01
1.145667904374553459e+00
2.171145206148183959e+00
6.819777668324045194e-01
-3.273981208160950729e+00
2.776703034413253945e+00
-2.718325556990366820e+00
-1.551910995177487429e+00
-2.169647891421058183e+00
4.150451060950741677e-01
-2.742661723751189662e+00
1.537801453524396678e-01
-3.017975705114942286e+00
-2.461490980353013391e+00
3.748154005580122572e+00
1.828385121359468179e+00
1.656493964639829564e+00
1.777795355056464466e+00
1.515212679863744860e+00
1.659932084070547376e+00
-1.637970501109418997e+00
-2.085542705209695313e-01
1.883927506459555090e+00
