2.476408898344478970e+01
2.172155757708364998e+00
5.583181855221932111e+00
1.109865094676315778e+00
6.220476657230597084e+01
4.386177633344991555e+00
5.541920217654230640e+01
4.994092827293019177e+00
3.388684782919737870e+01
4.973885634901722597e+01
1.889376997468096420e+01
2.259270139243323783e+01
2.401311123410723614e+00
4.352940186068549266e+00
8.768469192676452195e+00
1.466134008149056145e+00
1.081896334321503783e+00
2.419782171261155312e+01
1.785436248735737408e+01
1.709743046442887326e+00
1.346745834932360353e+01
3.074751838980933183e+00
9.803233070015087591e+00
3.456746867227652231e+00
6.794585524798466558e+00
1.516260559614509340e+00
1.128189558017637495e+01
2.368167499149513411e+00
7.691959732232315616e+01
1.205119022048701805e+00
