3.698093866289062781e+00
1.505430953655988446e-01
-2.180217448518364520e+00
-3.414685212943595616e-01
-3.971122430235860534e+00
2.827216619446014434e+00
3.543366669701565108e+00
7.818053180478834463e-02
5.900702984553518604e-02
3.988133944221399219e+00
1.476396082888204120e+00
3.642716884558359070e-01
-1.502349269262213127e+00
3.416551481214960440e+00
-1.167632132646949650e+00
-2.260733997309626986e+00
-8.049144654762434570e-01
2.920648299378167501e+00
2.363569448183822530e+00
1.691915913300299223e+00
3.822801665582957753e+00
1.175141716284525017e+00
3.292889911273544357e-02
-3.253272282281884031e+00
-3.054733984090593601e+00
-1.414761945145640354e+00
-2.471096028405445288e+00
-2.217801373035005241e+00
6.271530154819577874e-01
3.097823403848355639e+00
-3.372839677440675032e+00
1.365372921485416668e+00
3.718748108838266120e+00
-2.308353729069395399e+00
2.006833725513344824e+00
2.052936369254767079e+00
-3.498510916789720149e+00
3.534475864468882733e+00
1.436760235040329903e+00
2.231645164724566754e+00
3.525767583163413654e+00
-3.413440938014103310e+00
1.722482796247103209e+00
1.374105475442401136e+00
3.076155194988515085e+00
-5.275200256043088842e-01
3.782001494187552382e+00
-4.420852999645852321e-01
6.163761245319632209e-01
5.088003321189917827e-01
