-3.949117198951043406e+00
-3.757876356986107780e+00
3.223029955740290831e+00
-1.888180184339953271e+00
-6.185576586258205722e-01
-1.910750120823667686e-01
-1.661134660895831061e-01
1.323816117023466354e+00
-2.044766998723790863e+00
2.487446857944183520e+00
-2.079503229804932296e+00
-3.329067576238358583e+00
-5.865323431862812242e-02
-9.660614285185511463e-01
8.399237853245207219e-01
-3.985967766909332077e+00
-1.476220993798309067e+00
-1.838957204052465322e+00
3.099761968812052793e+00
1.653916962907692856e+00
3.182484454649761929e+00
-2.180295803925591969e+00
2.788336042976967022e+00
-2.904313424577355640e+00
-1.725007145923159513e+00
3.867717701908915728e+00
-2.416185111679340913e+00
-1.463795439840949619e+00
3.607211734475081144e+00
6.421364485027920566e-01
