4.674057775593611908e-01
-2.600285834436108168e+00
3.551308622985997587e+00
3.891111637666670120e+00
-1.950990907092214677e+00
-3.265148233950434076e+00
1.095664478849891488e+00
9.040067596731384825e-01
3.706716664368276959e+00
-3.487363049177309549e+00
2.572511145230347296e-01
-3.994015205810428348e+00
-3.420391572760914656e-01
1.598261222079250921e+00
3.732843504603263973e+00
1.217013786210098480e+00
-2.684194000508665745e+00
3.978258284298716418e+00
-1.804163626978298574e+00
-3.907333422518595611e+00
5.946562436783446870e-01
-1.053097471577459920e+00
2.946575925637784366e-01
5.481737940262121356e-01
2.750927579682359791e+00
-2.754294378682160982e+00
3.454377503725708287e+00
2.294749517531613492e+00
-2.782579009470796727e+00
-1.682943855244452891e+00
2.069141622388962709e+00
8.273446206615533427e-01
2.388102411591201069e+00
-3.056144121320619078e+00
-3.525923500195234261e+00
3.704739955137645424e+00
-5.706455735688411579e-01
2.011954155811451095e+00
-8.304616066235759320e-02
5.056241665221250514e-02
2.700678579816791824e+00
2.792198319399576967e+00
3.498508992752507041e+00
-1.604429301641232541e-01
-2.350842022954083177e+00
3.297817271851334553e+00
-3.371614793567708546e+00
1.798521252370091084e+00
2.715947667082169836e+00
-3.078979913523245848e+00
1.543146871749367932e-01
9.052994458658547572e-01
-5.396792528118536936e-01
3.323493445140963232e+00
2.904828368018852025e+00
-1.626023415343022194e+00
-3.291499026403428729e+00
-1.795549212440929132e+00
1.341659469706810270e+00
-2.352766741290140295e+00
-2.246084747285543415e+00
1.271633737767666084e+00
-2.009129760962970579e+00
1.066792032891053843e+00
-1.223051874657024918e+00
2.808527024608482137e+00
-3.498622824056112357e+00
2.285588302189439425e+00
-2.951991029132857491e+00
3.375555385235737837e+00
-2.257264753851575101e+00
-3.575443478922317730e+00
2.862570233177772039e+00
2.065714239109769146e+00
1.737868062491485510e+00
-3.249488490741383018e+00
-3.432549119127194182e+00
-1.538203718901063333e+00
4.637964383313555317e-01
3.327637573774112845e+00
2.875740823761805842e+00
9.974984775888806610e-02
3.707634803460083894e+00
4.954875312846320767e-01
1.222398466560233210e+00
-2.624294709703310247e+00
1.322699718084586529e+00
3.445478851982958446e+00
-9.326050093766706794e-01
-1.343446594383074455e+00
-2.360047678330831289e+00
-9.360474064437172004e-01
-9.134280023830134709e-01
-3.273326542554066521e+00
-3.285939310116663847e+00
-7.876498702470735580e-01
2.752355499438695396e+00
2.844694395115222818e+00
-1.148335098078413274e+00
-2.126329591033889521e+00
