1.630145389692648106e+00
9.552811456922583488e+00
9.951089597640213924e+01
7.927014395756761189e+01
7.684081456855061276e+00
2.228207814984840240e+01
2.729895546653559535e+01
4.080700057030325922e+01
7.127026277792953834e+00
8.555001417647755346e+00
1.109576563712523445e+01
4.021395425393761514e+01
2.840257702526402994e+01
1.147114647712833779e+01
5.434961821387945236e+01
2.557124192797295414e+00
4.511294289739358021e+01
5.187698597061597638e+00
2.396894883285424882e+01
2.722198041928144008e+01
3.280447488303531856e+01
3.978827136262322028e+01
6.527611135846773038e+01
2.545169312004208706e+00
5.248166735189383481e+00
3.713600121574427249e+01
5.801370090876695862e+00
2.056890280016522965e+01
6.314896593537649316e+00
1.091579437611717118e+01
1.069889829256034153e+00
5.741151562455440782e+00
2.016375721327750448e+00
2.026871198770932381e+01
5.241954212808742852e+00
8.627332839760589422e+01
6.052368413559733540e+01
5.727400192947976088e+00
2.055188781077010418e+01
1.907169291679691625e+01
7.163286565013413565e+01
1.007033258290738331e+01
1.588270592025066286e+01
1.112305761001018078e+00
5.906274426702197644e+01
2.222532760851007261e+00
1.403852201992195958e+00
6.378478178854166458e+01
1.213155810907356802e+00
3.595101005280092465e+01
1.324227834681349858e+00
1.063731270820828989e+01
1.134551961511673479e+00
3.228363221891811019e+00
3.819075283659054065e+01
8.705826716566035017e+00
1.985272275250184792e+00
7.575670493453212373e+01
3.596296083521809805e+01
5.151180471100808944e+01
1.525379867200402195e+00
1.915546279757355919e+01
1.119102937888233384e+01
1.087587109036483035e+00
4.375297673437332691e+01
6.201417996297814739e+01
1.823711436964223864e+01
4.396058854427950635e+00
4.253585624494005657e+01
2.686921607982966975e+01
3.930488817346993180e+00
7.780980786336047572e+01
3.371909603598834515e+00
2.111234171529047021e+00
1.061686771534697815e+00
1.125468863857630009e+00
1.095522028082487331e+00
1.792416401451497165e+01
7.255558071826679445e+00
1.572652616481681953e+01
3.036348760545271119e+01
1.177919927736208905e+00
5.274386388335781817e+01
8.033584174403891609e+00
2.956567956131280539e+01
1.365174552767010852e+01
2.282326093594753402e+01
4.606382581424218081e+00
3.011828487234971874e+00
1.789193211123070171e+01
2.522589383233118543e+00
4.913949606175923890e+01
2.146790914574707720e+00
6.728268362979842721e+01
1.384873606877489838e+00
1.148709561452052164e+00
2.645893448022109951e+01
8.098203098694604307e+00
3.677918320214035930e+01
7.277514481148505965e+00
