1.927530916356516411e+00
2.920492456523553670e+01
2.385301489652704632e+01
6.384658477442530966e+01
1.983503977001460683e+01
1.493788858534676933e+01
1.552634473684069150e+01
3.663931196495762066e+01
8.824099117715846319e+00
2.085333794307071642e+01
2.234908474248690435e+00
4.483349543116977287e+01
1.682620862395640460e+00
2.532652717447283663e+01
5.386657911306106605e+00
3.981508913957345630e+00
4.049536207897178741e+01
4.959984297575054768e+01
1.017613420127240076e+01
9.855735131548783556e+00
5.429177275049409701e+01
7.123248876809908481e+00
9.604052596940437780e+00
3.034735188935966121e+01
7.735816859276297919e+01
1.509585456559362981e+01
2.386667233932070786e+01
4.738531424759372612e+00
1.999002487553803320e+01
3.246205373174618991e+00
3.770917324166986617e+01
5.237303794179901217e+00
1.166184369639297280e+00
2.821614897052742421e+01
7.068769130959453584e+00
5.160788789434867851e+00
1.743481658409432811e+01
3.200201880100924878e+00
1.088992685921427395e+00
3.684350618082639084e+00
1.379797919889171443e+00
1.037653440885793898e+01
2.506733387407441072e+01
4.851767276243516847e+01
1.644102466012790531e+00
1.905978170789439430e+00
1.231382547386886728e+01
1.898068738212040074e+01
1.635737659897002594e+00
9.473986520173636450e+01
2.431916605498990691e+01
2.416501102031861592e+01
4.082492349998144476e+01
4.315382075715685772e+01
1.921557738279209104e+01
2.226835169698489381e+01
2.147473603268267084e+00
9.031333255727664877e+00
1.026982146992103884e+00
1.109688714036112955e+01
3.467941081272780934e+01
4.848219682877234149e+00
1.072154314069363856e+01
2.359074296568593798e+00
6.943553368866677289e+00
1.741529459593736728e+00
7.139693476938301586e+00
9.355786308891794079e+00
6.093343830592250043e+01
1.071426242918886729e+01
2.134751509826789473e+01
1.104731137745667890e+00
1.862073094358218839e+01
3.802737418545484083e+00
1.571354374179979807e+00
3.590040128180371326e+00
4.035263826919587160e+01
5.046983930091574422e+01
8.001006654976626109e+00
3.845067659055004583e+01
6.704195490375493449e+00
7.473171487869941565e+00
2.311881879351975311e+00
1.573088643517529528e+00
3.387424179955331738e+01
5.276025244745794041e+00
9.242687822386054108e+01
2.685909394284126783e+00
5.876780939073647403e+01
1.675498373536266783e+01
5.456912801087926113e+01
6.278125697130523974e+01
6.775754440904881903e+01
1.361926527876112836e+01
1.467790669694286620e+01
1.297827003977284788e+00
4.891576731390062349e+01
8.751864455939075071e+01
2.536577292099007508e+01
4.245345440651561830e+00
