5.402095232898494004e+01
1.534468061861308241e+00
5.357210136786101806e+00
8.706341179070841818e+00
2.653051026461302087e+01
3.788045254441514409e+00
2.912671414060781672e+01
2.336668833705405390e+01
2.960434701493546683e+01
9.352253386499734589e+00
2.029366982050033741e+01
1.320292907798950255e+00
1.491930869720074426e+01
5.708614578237782666e+01
2.098285694882422892e+00
1.233696721290205023e+00
1.042492354778207231e+00
6.777171764756957373e+00
5.311764789965898181e+00
1.429817445525716657e+01
2.212894784401200798e+00
3.116932251809923571e+01
2.126633153198163839e+01
2.508744754610983563e+00
1.430819650573264568e+01
1.146900608822220446e+00
5.707646799581822528e+00
4.542318155236493737e+01
8.369709866588587843e+00
3.580978234683178130e+01
1.353730047949758841e+01
1.094152000309830441e+01
2.690329655272958931e+01
3.875545453869302825e+00
3.943683497189435627e+01
3.657958825043021722e+00
1.026291142874496298e+00
4.982448727753403972e+01
3.868137523554441959e+00
4.492573323892712267e+01
2.459068385176769311e+01
9.604157247802083930e+01
7.317664160967418674e+00
9.366483339408020470e+00
1.715533363876372563e+00
2.589964198948651042e+00
2.480079981378577436e+00
2.440826654012174579e+00
2.786569155906386097e+00
1.614896172047238920e+01
4.156204708828973082e+00
1.526258874289892020e+01
2.324682752844014377e+00
1.226662827684301860e+01
4.284480746307464116e+00
1.017895258046093332e+01
5.464582794363740170e+00
5.243673839634150902e+00
5.932650726833620602e+00
3.330798839161227320e+00
2.378066863763869776e+01
3.554433903905815839e+01
7.316076986452637243e+01
1.236294036684814523e+00
1.242566233379671026e+01
2.008516524325631547e+00
5.101532519296110735e+01
4.571043327131078193e+00
3.873289093570705610e+00
2.003374113488855635e+00
1.281953613736375841e+00
1.002905023531496909e+00
1.352916232684213149e+01
4.844525649604191742e+00
5.253399102932033493e+00
2.414535208440164737e+01
6.157591196629491392e+00
7.206984243448494531e+00
3.115656611736132398e+00
3.896341846540522624e+01
4.616430104284666491e+00
3.540856651169120628e+00
1.064176695613838852e+01
1.015305471486471323e+00
1.026238574856026986e+01
1.152464238743434954e+01
1.679834110930770663e+01
2.201109566294699249e+01
6.407346209402645343e+01
2.240169095988510151e+01
4.811786798275902299e+01
6.715979880064710983e+01
4.480548245652929751e+00
7.017180941965360574e+00
5.068974919894041165e+01
2.138809504711691289e+00
5.180024487073332295e+01
1.174773098979007946e+00
4.594303318766423061e+00
3.988679166360034145e+01
