-1.776617363962824214e+00
-3.582731092151943741e+00
3.628406564859039563e+00
-1.700434671267939457e+00
1.789620989093955394e+00
2.281256269250563129e+00
3.713290572989691007e+00
-3.816271265412615854e+00
2.701119995218013159e+00
2.326676968367618059e+00
-2.520044281292864063e+00
-1.651906310794744925e+00
2.092380772263298994e+00
-2.438059430919118142e+00
-1.134066187921303204e+00
-3.462202436209643963e+00
7.543596789064750396e-01
2.898700660257348183e+00
3.561959864125103792e-01
2.073526542840666842e+00
-6.029331073967547638e-01
-3.071623012728518454e+00
-4.623218154678632175e-01
1.711783934847863620e+00
7.406397931318586814e-01
-2.972905731441750632e-01
3.332988491101138706e+00
-6.494747961601357034e-01
-2.942184358334154481e-01
1.410827162502839016e+00
-2.010922728785828006e+00
-5.060048081000232401e-01
-2.443457397369016348e+00
2.305940306574256304e+00
-2.566076040733483055e+00
2.364390254525960522e+00
3.105179885077562041e+00
-1.220131838314959971e+00
2.135558735938993813e+00
3.071626117316962556e+00
3.954437454999378154e+00
2.440449350274365159e-01
-3.922294636593894879e+00
1.649889932213413957e+00
1.479688808070251937e-01
-3.632837815524551317e+00
-1.035693545665383297e+00
9.063347871856883842e-01
-2.080790361607865790e+00
-3.397263134378782468e+00
1.241908940789827831e+00
1.743765575477986829e-01
-2.601934024120926559e+00
-1.477694796778919795e+00
2.980714377826324757e+00
2.036585856614167689e+00
-1.785902798462759122e+00
-2.819559625844476614e+00
-2.678856055506027012e+00
-3.320574412643842344e+00
-1.748665751269999014e+00
-2.484411969191637759e+00
4.892565077093591341e-01
1.205119569880461761e+00
-2.336275047147810646e+00
5.432712227600458021e-01
5.151127587833075339e-01
3.559503958016160041e+00
1.741014491352451898e+00
-1.558546339586301954e+00
-3.304912843460647842e+00
4.692059859754635909e-01
2.732779253965432531e+00
1.293748614545506825e-01
3.671006452527601382e+00
7.351098159041207225e-01
2.668600367114865257e+00
-3.330099080190914940e+00
-1.494877664125017880e+00
-2.897557394847142476e+00
3.645512978776555002e-02
-3.387673638845365431e+00
2.517562449646813860e+00
3.267797676651625238e+00
-1.663013162094642894e+00
-3.811217386911017968e+00
-6.029145857586808432e-01
3.932758343964361636e+00
1.102648050780512534e+00
-3.088082612419500883e+00
-2.773254757812306792e+00
2.569788573217622663e+00
2.773603576336543419e+00
-1.305573228592038504e-03
3.283306259345458500e+00
-3.799239030332192790e+00
5.020216417218392735e-01
1.435990619507877319e+00
2.252981086726695281e+00
8.824589904106279192e-01
