-4.160510747149928079e-01
3.886062304731010997e+00
-1.752095463360210381e+00
-3.228172264192811447e+00
9.502098082388243938e-01
2.169136025398819001e-01
3.175384912284378025e+00
-3.694892657593660701e+00
-1.649127081483161561e+00
-1.690289531479471918e-01
1.229874622190604505e+00
-6.414884461798413540e-01
7.184947563838495199e-02
1.483070961171892854e+00
-3.083646130347759140e+00
-2.369020787997793143e+00
1.480062449165912675e+00
9.643773917354536707e-02
3.571590177901391883e+00
9.672061178430473305e-01
3.876522386301379797e-01
3.768974381924486750e+00
2.137846458017483187e+00
-7.788172179154004837e-01
3.618868430010735437e-02
3.871853171644742631e+00
-1.896106654092211130e+00
8.756613002719708660e-01
-3.349762465530045752e+00
-1.355428224026580253e+00
-2.415897312472883307e+00
1.266868377551731761e+00
-3.219686310378128802e+00
2.540627528454164619e+00
3.503148216408717985e+00
-1.281836712512292920e+00
-5.606957255830922193e-01
8.870381845613142247e-01
9.838031550534864778e-02
1.567088314524622383e+00
1.396954687438719311e+00
1.835807962270100901e+00
-2.871092470089553039e+00
2.541904856301365534e+00
3.676820696493779295e+00
6.572401586609757373e-01
-1.147471027887700501e+00
2.948876263846898382e+00
8.262621875679583283e-01
1.250869780090350325e+00
