3.035794422463743558e+01
7.215204144643284678e+01
1.548564316142046415e+01
6.198677468431415427e+00
1.571086781715582070e+01
7.781010869297581678e+01
2.832911374671799987e+00
2.818615125356582851e+01
1.297073914114310611e+00
1.402006401736229790e+01
9.128163468736114794e+01
7.525073618839297929e+00
8.855862696551151103e+00
4.369334973942938127e+00
1.519111717957584240e+01
2.862926768660026600e+00
7.656178761175389091e+00
5.017319344814766424e+01
3.088567731656137738e+00
2.485991036733932091e+01
7.258417672630513628e+00
9.144152648484942247e+00
3.398284626358821114e+00
1.538073470380579622e+00
1.017950925449838984e+01
9.029575398848216139e+00
5.073032362256856942e+00
9.322082237158705098e+00
5.031724607262515470e+00
1.321736875388892063e+00
1.963869395409920449e+00
1.777571365950499427e+01
6.724428488235838053e+00
4.009111199522122249e+00
4.593532536714756986e+01
4.187872141896883704e+01
2.206974762629562381e+00
3.932316225675423382e+00
3.164906937053469260e+00
2.944980659189579519e+00
5.521126639046162410e+00
3.471300630374446428e+01
1.016334015024066417e+01
1.016605611186533942e+01
1.270715011416443652e+01
1.097748904747501753e+00
3.012853084292985528e+01
4.103659061962549259e+01
2.955342651878957483e+01
4.058542276547314032e+00
