7.116942579674153535e+01
1.319852738029120509e+01
9.273450231098838970e+01
1.420601583869957807e+01
3.144073501482148814e+01
1.560201988669990669e+01
9.948208651265275648e+01
1.324539199453488525e+00
6.652500961350480857e+00
3.994583462565665855e+01
2.977726559723374677e+01
2.832910576747394771e+01
1.964000529852482657e+01
5.049489531533844655e+01
1.010458398167547012e+00
1.448029025869090658e+00
1.371963750867756460e+01
3.164680042315963249e+01
1.681636607194401556e+00
7.407079823669273821e+01
7.955324155743735304e+00
9.365649172808605982e+00
4.437431732343880775e+00
9.555315731827775494e+00
3.965415459873178783e+00
6.063553820221050827e+00
8.674640471587069612e+01
1.552322047430315521e+01
1.173663888341318406e+00
1.641373664270373212e+01
