8.921853900081533340e-02
-1.227364379507989156e-03
-2.086292395429349078e+00
3.958551036346395158e+00
2.477167636100622516e+00
3.531246265083336944e+00
-2.206001356505677968e+00
1.841745670939491930e+00
-2.132451341814776136e+00
-8.729024439948069869e-01
-1.882868601345411008e-02
-2.826401019715141238e+00
-2.779772664063055565e+00
-7.015148458561890621e-01
2.437466301816455960e+00
-3.154199197087497630e+00
-2.333184158235543926e+00
-2.695440697121016527e+00
1.041602954901556188e+00
-3.727958037080865594e+00
-3.449877408570216630e-01
1.449253245021165704e+00
1.269678338083582325e+00
-2.714052086347211734e+00
5.945555959405064428e-01
-3.917386615963145857e+00
3.569438307701430446e+00
3.754033834364169486e+00
-1.507118358371426048e+00
-3.015560430310567419e+00
