1.131980688700992665e+00
6.774256996359684813e+00
2.000080156159225186e+00
1.201549893137811464e+00
6.203846948639439418e+00
1.165724035946359205e+00
3.849393264294405537e+00
6.453886953339818433e+01
1.158442912766648902e+00
1.803168218743079976e+01
6.008251059612563694e+01
9.315374912371657956e+01
3.238758783857943513e+01
1.487910791459175819e+00
3.232686812174343505e+00
4.202785489968311339e+01
5.512433484447396559e+00
5.037956841097570582e+00
5.023724200604061707e+01
4.037338002378674418e+01
1.095841359174001717e+00
7.106078968846543553e+00
1.427328224528146894e+00
5.358717500920035626e+00
1.568200860163097232e+01
1.551442675439948538e+01
6.725551798847016016e+01
1.766817222612558069e+01
2.763780490000997858e+01
9.056349448782368583e+00
