1.544962027970240070e+00
9.171219226952754866e+01
1.029783520337056224e+00
5.347639559234980133e+00
1.106364479838243042e+00
1.376980362595895890e+01
5.793207519489025970e+01
1.239596464281672805e+00
1.894487419885590995e+01
1.404432540652425665e+01
1.573690052070233847e+01
2.669655806966297718e+01
1.802401344508914249e+01
1.745615183599894493e+01
1.385940274447471587e+01
5.166489744379676097e+01
7.786558812481040093e+00
3.171427107851293226e+00
3.957686899620245669e+01
1.252445718068324254e+01
3.236893861544326256e+01
6.140932487730345279e+00
1.215650351445091459e+01
1.691610361985160571e+00
2.508791689453670415e+01
6.096645871743278100e+00
3.832436123152386465e+00
2.398009197757125843e+00
1.813414234203679953e+01
4.124737153448879212e+01
1.846370720148890854e+01
7.457923864697909266e+01
4.806047126551311166e+00
3.330655902874401164e+00
1.386596250134707553e+00
1.415560495287822018e+00
3.821941188896651465e+00
5.297468170119240760e+00
5.830873097764302315e+01
7.084021321077601741e+00
1.363910843194601519e+01
1.295623083427518862e+00
2.214416972481949131e+01
2.317033137132926157e+01
2.525221791587729303e+00
9.029295445488965299e+01
7.736563905221103710e+00
4.101512934078288453e+01
2.042467933423774440e+01
1.261933527010558898e+01
5.026936222069937621e+00
1.424667459237516454e+01
2.292929866105647640e+00
4.451710579934630374e+00
1.607607902318512805e+00
8.379236822294302556e+00
8.103185758477392753e+00
1.343225733949462652e+00
1.309295129090736864e+00
5.557720017810713564e+00
4.360054862995424330e+00
2.519726130189429369e+01
1.418103675274342024e+01
6.431460659443936301e+00
1.055663544057852832e+01
3.665017828046614312e+01
1.135307754618807330e+01
2.256380443053477336e+01
1.653868762561639372e+01
2.007691987041944959e+00
2.399506472476298669e+00
3.433667259824712659e+01
5.861261505787983772e+00
3.238896331379671700e+00
1.566732559958281001e+01
4.732896177386541225e+00
5.395608100819373476e+01
1.257272149810660444e+01
3.118873637327369153e+01
1.884738508350671804e+00
6.872223424006440951e+01
5.720903225019289273e+00
2.485444976321365296e+00
8.166313144986952466e+01
1.111587714812679595e+00
1.729384463256854909e+00
2.381136862377137575e+01
2.185837325700882072e+00
4.932816407346124699e+00
1.018146597559760380e+01
2.492270922789230170e+01
4.198502953201049337e+01
4.562945463558957471e+01
2.345810263068522161e+01
3.760863819490902760e+00
5.858915540932809307e+01
1.154344724675914691e+01
2.509327444258412143e+00
5.989627764796555454e+01
9.065810173271772854e+00
