2.958706970382017687e+00
2.351033444524933458e+00
-3.259869190535011896e+00
-1.349026446655978262e+00
1.426572947310354778e+00
3.729803381361262105e+00
-2.422774949972357206e-01
8.097120745497878858e-01
2.499855837476472331e-01
6.748427685297819778e-01
-1.785852594615411348e-01
-2.312789367152429776e+00
3.523674207020888183e+00
1.210156386867845768e+00
-2.020576557449659028e+00
-3.853759958098370575e-01
-2.497219795415790422e+00
-2.758305927376195399e+00
-3.032686205984542305e+00
5.939746841778843489e-01
-1.648885606538533111e+00
-7.212170002932838386e-01
3.268211153135898606e+00
1.915170714713394062e+00
-1.467509381607101204e+00
1.921626943367541251e+00
2.220978625661654604e+00
1.280262798605338759e+00
1.773927908703594625e+00
-2.917023274655626608e+00
6.325998745101530929e-01
8.540238446729384592e-01
-5.167843630390827059e-01
-1.243590812388662314e+00
-3.391916344518030257e+00
-3.139077954075472299e+00
-5.501254259335883745e-01
-1.471284111377170412e+00
1.847922237769502374e+00
-9.998654931619617159e-01
2.999797768298798850e+00
1.570808223806769099e+00
6.187201798164787547e-01
-2.474669017127174797e+00
5.044851481016330297e-01
2.475373131499196688e-01
-3.198229087626109468e+00
3.396211627519515552e+00
-3.261937308609557107e-01
2.005339603594996412e+00
