1.880535175901729161e+01
3.303465922215571737e+01
1.262527297651975822e+01
7.347504074356703718e+00
2.093441324760451749e+00
1.137424670236529156e+00
1.565140010733344189e+00
4.202659784207063609e+01
2.846316435984959536e+00
4.966959104993337348e+01
3.938527382702535995e+00
2.818455910566989964e+00
1.050740053652301942e+00
8.478992385583539715e+01
1.409731819232543870e+00
3.759142016311490408e+01
1.231979036380083947e+01
1.993025370937081675e+01
3.724758654876372255e+00
3.088935626308454019e+01
1.448510300172749732e+00
1.169473959677652219e+00
2.668714510372925286e+00
2.702692621640364123e+01
1.269468562785749155e+00
1.262811420558604603e+01
3.620515189550933766e+00
6.510724928558224178e+01
9.851929238730329530e+01
4.100283881176365242e+01
3.097855163833823422e+00
2.438763613852232393e+00
1.774538850145235935e+00
2.692146242369559683e+00
2.289749065093137137e+00
1.103027292450113661e+00
4.555557523223898642e+01
1.970164304006502931e+01
1.455023616146449372e+00
3.412237287979174738e+01
6.032558966850640303e+00
9.383527137815539731e+01
5.784538265728352613e+00
2.070352518624393845e+00
3.491785087135382160e+00
3.186923502437471711e+01
3.607701206347806000e+00
7.311637679326172368e+00
1.732372545662820285e+00
8.357385821087509825e+00
