2.369577071615456276e-01
1.331509114765032642e+00
-2.775741355608546179e+00
-2.646077563510265129e+00
3.673043520226651815e+00
-5.501842498103544088e-01
1.810424081629960824e+00
-2.179106710448992956e+00
9.891320342442151414e-01
3.143060246872692254e+00
1.140361149138313657e+00
-3.685700402091791616e+00
3.194261057570267681e+00
-1.057349136590294059e+00
-3.230948199564785739e+00
2.885943404543162671e+00
8.662102885864797486e-02
2.204381067743255151e+00
1.994316431837904524e+00
3.429529496725223225e+00
5.702769454360305801e-01
-4.768796437544917666e-01
3.936320596222444124e+00
-2.485262405311194023e+00
-2.398154881100156288e-01
7.887044469360748877e-01
3.602672510712785936e+00
1.628348631459141771e+00
6.671076448852959473e-01
-6.916862854277070483e-01
-1.916845533717710381e+00
4.129014566938886688e-01
-2.557743622780717985e+00
6.208866807814876765e-01
3.396197033067219984e+00
9.582456743387703924e-01
-8.263771597895033239e-01
2.459337912643732693e+00
-3.730850662122351835e+00
3.411509484628143518e+00
-1.948228349257346892e+00
-3.423523218091575337e+00
1.359849460505564878e+00
-2.864608888328818104e+00
-3.304080823880128470e+00
2.443438252879889028e+00
-2.442740095005578205e+00
-1.930753459746108902e+00
3.550872550097485814e-01
7.435263156113309790e-01
-2.747094889731036105e+00
1.000516052120066668e+00
1.172650847580427147e+00
1.504590593622720185e+00
-2.821145596709206949e+00
-1.266274139626855089e-01
2.194151770044559413e+00
1.399478028461295764e+00
-2.141390492304202198e+00
2.697107486998418402e+00
-8.272349287686431296e-01
1.142771538969347134e-01
-3.263420884432871816e+00
9.638558802498939926e-01
3.979799652727036730e+00
7.317720283311164309e-01
2.225731827170278621e-01
-1.114992316533136574e-02
-3.611590010565300268e+00
-2.913242467100087829e+00
7.248025493378831285e-01
-3.681908961857913276e+00
1.814077391852544352e+00
-3.598587397989504666e+00
2.229819189782757505e+00
-2.403060101982090302e+00
-3.226854399338922263e+00
-2.691179289607317671e+00
1.654464216645557428e+00
1.624257022979895382e+00
-1.549515347000378185e+00
1.674432966856099547e+00
3.722144281391395637e+00
4.314184608911819652e-01
-1.584344684139322723e-01
-1.089112906379316570e+00
2.449047916962884486e+00
2.856999513301043514e+00
3.949444037325290147e+00
3.500107538311374000e+00
2.755264699954095065e+00
3.500821038061048718e+00
-6.056426370117193869e-01
-1.046736469230074462e+00
-2.701627898549197049e+00
1.877746825983066969e+00
-2.408860960386994599e+00
1.356743193034725792e+00
-1.559194378466814079e+00
-2.556600536475714058e+00
