1.465389296812662145e+01
1.189409250465219170e+00
3.728802590610708734e+01
2.112404350577561374e+00
2.616110868737203532e+01
7.406268445265027367e+00
4.215046658327930373e+01
4.272853983262835165e+00
8.074793739285865968e+01
1.789340347108800700e+01
4.787340684358861509e+00
2.514837843572001130e+00
3.476791156699176710e+00
2.991886721683373995e+00
2.972255665793780643e+00
1.642858617950014732e+01
1.285931441750298720e+00
8.873095196958230346e+00
5.648786468950001449e+01
9.618812064810809304e+00
5.747062510707745275e+01
6.968404934890548574e+00
2.619438347916750232e+01
4.218886260817057376e+01
1.565830103434140197e+00
6.658334228795921739e+00
8.474827640023445241e+00
1.331001395949922061e+00
4.752133132424076933e+01
2.527813021978726926e+00
1.749376033777831552e+01
5.949779686340259133e+01
1.055676399145271782e+00
7.807173729503228188e+00
1.708340770685745724e+01
1.682526081903104043e+01
2.129989374825954407e+00
2.192880337771952526e+01
1.675061473472053031e+00
5.951910353746859172e+00
2.952459767417312975e+01
8.713136806172852289e+01
1.261861006363211635e+00
1.065761275257909446e+01
2.841312751465863595e+00
7.272707133973355553e+00
8.527755476570004589e+01
1.244401188898976773e+00
6.833893691739518772e+01
5.657257471263648085e+00
7.037634422293270120e+01
4.391350771930202512e+01
3.769444012839244351e+01
8.936191505635534327e+00
4.027810233839530518e+00
1.468488049282978203e+01
5.904034538930218012e+00
2.795914494755795587e+01
6.459619931805332449e+00
9.057785755278749207e+01
9.001536689912079225e+00
6.250151847030934071e+00
5.516329307631568923e+00
2.877920707550227331e+00
1.243072703872446283e+00
3.796787432563696996e+01
8.812633460683782971e+01
5.304603141309861769e+00
1.258311016095871970e+01
2.979664475295936477e+00
5.505284618964109455e+01
5.106155593754009914e+01
1.022661632158387413e+01
1.673070369959154480e+00
5.347201679133482877e+00
5.921015795309296337e+00
2.875466620309923016e+01
3.918753896002608172e+01
2.318786931852524269e+00
6.229494613283829096e+01
3.811879284700532367e+01
1.687094118678617960e+01
1.589979149061946906e+01
1.074579977286818533e+00
4.790929275466996096e+00
3.509627107014340908e+01
2.926960726521549816e+00
1.231439224893365436e+00
1.112818054848353055e+00
7.459542623723515398e+00
5.135076889529909749e+01
1.075931767560573071e+00
2.294059554740869977e+00
1.279194102311714820e+00
1.717951103256075251e+00
7.768937772330244229e+01
1.019464365882916113e+00
9.054573854273748168e+01
1.554926784318250377e+00
5.307511680896011441e+00
