6.957114080251798782e+01
2.023021703144077676e+01
1.840344579232818356e+00
1.216130770876929823e+01
2.111725246488525443e+00
9.237182988335863598e+00
6.718796204118775961e+01
3.827899437630090773e+00
4.133423133794552840e+00
6.644462311288322987e+00
3.235299741495145298e+01
2.237106277274206789e+01
2.770833715737674297e+01
1.220965021118910032e+00
1.977613050424853114e+01
6.135596498403850774e+01
3.969900025453067371e+01
1.164466082018685178e+00
1.611308958270502600e+01
8.857777555422794435e+00
5.828362146179039627e+01
2.396751340671054553e+00
1.088318547183278895e+01
4.345995369751371129e+00
1.084802351166361767e+01
8.470826081743061309e+01
4.467437308460052492e+01
1.434963883501226389e+00
3.578677259625117291e+00
1.883889415522943089e+00
