-1.354271600981222790e+00
3.786992200922266960e+00
-1.959041998944974772e+00
-1.181409757811750616e+00
6.826034623461767481e-01
2.467909846936890084e+00
7.843590618211946364e-01
2.884449017031807116e+00
-1.152676717462616018e+00
2.327900377219194183e+00
2.847841088594701198e+00
-1.426678936974424161e+00
-3.847744173444485938e+00
2.993516703110869592e+00
-1.335856620274952000e+00
-1.909195598990431897e+00
3.414098757993512478e+00
-7.368819958755299382e-01
-1.241830545741636094e+00
-3.419267985097830476e+00
-1.614732360517360910e+00
1.677338985502752067e+00
8.147256607414279372e-01
-8.316694942282412129e-01
-1.808829105288705108e+00
-2.262047653743354481e+00
-3.170017643621053871e+00
1.109111821175995161e+00
3.953727243593528229e+00
-6.334806630504559166e-01
