8.322274360259909187e+00
5.511251815581653446e+00
8.770145778241463574e+01
1.466878086493274402e+01
3.544897153767334164e+00
1.214449248076448207e+01
1.900398983197390024e+01
1.006160639456906658e+01
1.496045210084142374e+00
1.046963581840328228e+00
5.715555586905180618e+00
2.418423548512009091e+01
1.263344124005055491e+01
1.293775607427279084e+01
3.917695021343063022e+00
1.387359528945041909e+01
6.084639244978583150e+01
5.950419872689754897e+01
7.008573495584090374e+00
3.687952131989967075e+00
1.362940678444262765e+01
1.963591809166139956e+00
1.282247641614720735e+01
1.285178500056086470e+01
6.169911369261303946e+01
8.901909769811574336e+01
2.592977060244357368e+00
4.125422691095403138e+01
4.403760888485839686e+00
8.418889859325182101e+01
