1.938154489951553927e+00
8.178418983015306765e+01
1.586869178002523473e+00
1.747601964067128932e+01
6.347477361905230708e+00
8.387337964932852685e+01
2.732784114349857685e+00
1.312114139214390685e+00
4.662873938092178427e+00
3.155523116848824028e+00
2.161184096346595140e+00
5.526462125817946003e+01
6.289300864542240532e+01
1.027426430921683043e+01
6.888175046696257908e+00
1.035689618005735646e+01
1.103252460405268387e+01
2.417383244408241261e+00
1.260097672406247504e+01
9.221147093730065691e+00
8.820063993379346812e+01
1.378131535934575824e+00
5.585737958122729552e+00
4.058944852103191892e+00
5.346847601067247879e+00
6.610972593812445552e+01
2.058438165367500616e+01
9.197389145179393211e+01
1.875950414503196129e+01
2.327172722017435635e+00
3.935194858275486318e+00
4.738177346234544451e+00
7.189451348065244218e+00
6.733986279721309032e+00
2.281531380299729861e+01
7.359298451604106894e+00
1.380567558271537543e+00
1.069288957055420264e+00
5.993726580556047168e+01
5.076672565791712444e+00
9.202274050718486365e+00
1.599096897668218498e+00
2.663985784303492643e+00
2.714737206050623186e+00
4.177492110910585588e+00
3.889442479728626978e+01
3.351626414662523956e+01
3.220180795643401694e+01
8.145235930758884990e+01
4.882094147881935520e+00
