-5.355062611798970806e-01
8.322255278658241551e-01
-1.200035719926014544e+00
1.289691043442590335e+00
3.129533477267782970e+00
1.357483864386408889e+00
3.954943605051515654e+00
3.375697096826478116e+00
-3.673783210101219332e+00
1.717200538962443623e+00
-2.730112658840748274e+00
1.926792486208199762e+00
-9.023569395144779293e-01
-2.050821610702382003e+00
1.947561022527952268e+00
2.695457524604555566e+00
-2.707999928475770979e+00
-3.498893997724518812e+00
-3.651806498218602925e+00
3.288457924546680289e+00
-2.594079447026783392e+00
-2.519012179029664900e+00
9.070171116621672525e-03
-1.358479201568076888e+00
-6.801552581169012512e-02
6.218507803835882086e-01
6.335436690927487291e-01
-1.035729952757497685e+00
2.761452293908979172e+00
2.530154013737957008e+00
3.824827844748334371e+00
8.638778606379284852e-01
-4.947629480361381837e-01
1.657016359998788602e-01
5.386201071500371640e-01
5.455675170707090516e-01
-2.885482446629316300e+00
-3.919438572947426813e+00
-4.454025096444595988e-01
-2.363935561576121280e+00
-2.314030934718686261e+00
6.189888804648031595e-01
-3.898241409630074372e+00
-8.232702898514796530e-01
5.928481199002426649e-01
-9.975141092483887917e-01
-3.767958409320100621e+00
3.395405068201444720e-01
-3.546887093793742451e+00
3.029449208594846787e+00
