8.117457307844357928e-01
-1.838908535801026645e+00
-1.711531498423590314e+00
-5.176287212729535625e-01
3.385544652173466673e-01
-7.532297860260239730e-01
1.395265568624077801e-01
-1.547393788333143227e+00
3.190437341600965482e+00
-1.198232921910382665e+00
1.526178205323354575e+00
-3.024387858230645598e+00
-2.789404652983900945e+00
-1.236147668625050322e+00
7.534609032490005021e-01
-8.468611161032324475e-02
2.065922142814220486e+00
-2.360890388253999994e+00
2.097233840023503326e+00
-3.960048771313538829e+00
-3.876026459630450560e-01
2.349757822034836963e+00
1.812513768048124696e+00
3.871461119866537182e+00
-2.731627651054022721e-01
-3.874451037587230751e+00
6.556001412396952333e-01
3.571219075586477665e+00
1.037470677397224428e+00
2.913059661233033282e+00
1.674533480713739308e+00
1.972366490090029068e+00
-9.394256217952028365e-01
7.567542995451814747e-01
-3.813117782930714128e+00
-3.150184501909538248e+00
9.335253371699057112e-01
-8.161388195612486740e-01
3.649103330053533156e+00
1.307264164393773243e+00
-3.006353844203917269e+00
-3.215838041972576278e+00
3.219748483193851207e+00
-3.885725687598999833e+00
-3.828769323755183862e+00
-2.104548780185496959e+00
5.867842003493892733e-01
3.416077350868068407e+00
-1.886053170593976702e+00
-2.443092889961687497e+00
9.655922627501585254e-01
-3.613745100656288400e+00
-1.704768296900255109e+00
2.685078685157698430e+00
-1.207414316843355095e+00
-3.464841998149259972e+00
1.829914260513755053e+00
6.845486979993369303e-01
3.988383190966545477e+00
-2.752605240682663990e-01
3.317539687577793828e+00
-1.752006473123777219e+00
3.323535055928279469e+00
3.490004825692001766e+00
-7.325622342691877620e-01
1.319671565363261578e+00
-2.778325257810719151e+00
3.768061604507528806e+00
1.733481596002122593e+00
-3.006370703392759580e+00
-2.035509093697541516e+00
2.489035541686097197e+00
9.763915676094754303e-01
1.352819708899149376e+00
-2.892962262037939603e+00
-3.344338679589577978e-01
3.690720049187159013e+00
-2.985087488498600727e+00
3.418080292876280346e+00
3.106396201114440814e+00
3.634003436831710232e+00
-3.840817566655213788e+00
-3.566481289632829288e+00
-3.997979979462351174e+00
2.447418024906898637e+00
2.051408916283261163e+00
-3.618697787949846756e+00
-2.250517979804106616e+00
3.934216805226298241e+00
1.428592708959367741e+00
2.689269854677444727e+00
-2.340310052624093196e+00
-7.875642408185576926e-01
-7.505142057931983857e-01
-1.604170531985387171e-01
5.707686337680417665e-02
8.899947073048721791e-01
-2.266936565109012314e+00
-2.004600963819513026e+00
-3.553215855277946922e+00
