-2.622314507889939250e+00
-2.525393530973453871e+00
-2.141302803289076628e+00
-3.536137038443789571e+00
1.786312445386070813e+00
-2.339455384677879834e-01
-7.971534609611348188e-01
1.284346761418315275e+00
1.417975679650762544e-02
-1.345623473699664174e+00
1.368708126402200520e-01
-1.820343786875996628e+00
1.120491619629580882e+00
-3.745077697536052241e-01
3.220789821171218925e+00
-4.263635792689273174e-01
7.878877525197331977e-01
-1.573999179125609160e+00
-1.223693626992592876e+00
-2.580405193758221749e+00
3.684271536640623346e+00
3.386726327057202113e+00
-2.266092743333174120e+00
3.190171370203811918e+00
-3.219240059019537803e+00
3.677595062167210216e+00
-1.763135171486955421e+00
-2.044542422932948966e+00
1.651680584055491785e+00
1.957995577790750730e+00
