3.585293167720959673e+01
3.220437370579236358e+01
7.489078314306484074e+00
1.069018977455746366e+01
1.046100279782245623e+00
3.127197258865504370e+00
1.688500296883852503e+00
6.195052432492479255e+01
4.504338586095401276e+00
5.701913592073925230e+01
5.080916239619091890e+00
9.367805763767374572e+01
1.096304623290131897e+00
8.014345835113676486e+00
1.575312834619458435e+01
7.224459244465294638e+00
2.903736733678250204e+01
1.922528666989892443e+01
2.412890774878997036e+01
4.117992444681467745e+00
1.486361995719350793e+00
2.348639960803351912e+01
1.685287222960625542e+01
1.034205400793782026e+01
1.377841757923521016e+01
8.002204402817375239e+01
3.044180534213593248e+00
2.145829413136969510e+00
1.099445336299132592e+01
2.656854874693870983e+01
1.705660832369657820e+00
7.791134694189579157e+00
5.904885950130702099e+01
1.924682148770529455e+00
1.364143328983432601e+00
4.265272949673548908e+01
2.192134174657232748e+01
2.377195390092802185e+01
3.716755350052383111e+00
1.968500395116561830e+00
2.951709255951185540e+01
7.177942437208078275e+01
3.941393348514854011e+00
4.824121961813879267e+01
3.855114824854566802e+00
8.332410738203771317e+00
2.125882705211241230e+00
1.963626412886467421e+01
2.429135142943814607e+00
8.406665678020527110e+00
