-1.309140385435676457e+00
-2.267692483167317974e+00
-3.389601672434239710e+00
-7.636164549245316735e-01
3.385619548181345806e+00
-2.411532532076962276e+00
-1.864819447506045336e+00
1.668502617497385820e+00
1.044477252238940501e+00
3.862788959424725554e+00
2.318429224749471551e+00
9.939863879398807001e-01
-2.344725442565388285e+00
2.896707464237489482e+00
-5.267534446832833339e-02
-2.310162373286265947e+00
2.093501621191014017e+00
3.768338378955381707e+00
2.633693020312399824e-02
-3.413797176318813520e+00
7.271690339409238035e-01
-1.431721534911369886e-01
-4.647275290640653367e-01
-3.342839395480350362e+00
-3.505387677853547324e+00
-2.129319776512608620e+00
-6.349877027230892423e-01
8.243960012307400831e-01
2.840586031988006965e+00
-1.265842532795846687e+00
-7.213297680444776816e-01
3.425298144544212775e+00
-2.962650007094167037e+00
-3.775013046382724724e+00
1.984408011760192991e+00
4.432334306190490736e-01
3.331288783845834267e+00
-1.656005802800176951e+00
1.336655993506374429e+00
-3.950126434015201582e+00
-2.547321797692934098e+00
3.826592895302812103e+00
1.091962992369469809e+00
3.258106712045760744e-01
-6.468594861826240106e-01
5.841634158122195331e-01
-8.996778064323285307e-01
-2.022742028788120372e+00
9.157043229690504660e-01
-3.735290326940371664e+00
-3.253407198357606056e+00
2.126198353999228630e+00
3.529146566291008646e+00
8.528346152791375090e-01
3.964691892565038955e+00
3.243545058693716676e+00
1.266445817514499694e+00
-2.859179455149595483e+00
-1.049131692410631977e+00
3.700464504321039350e+00
3.284580759702072861e+00
7.235605432708025475e-01
3.269756278031561436e-01
1.966568355036097948e+00
7.376996095736760850e-01
1.720101137564605587e+00
1.677704029858093193e+00
1.729889688706847117e+00
-1.384292869312462315e-01
3.348194919556247484e+00
-6.254887261199941761e-01
-2.109290983053462298e-01
-3.914224436873177559e+00
2.783894271428986933e+00
-2.783063835313398293e+00
-3.177603764753999194e+00
5.065622486693550641e-01
-1.017527275419457311e+00
3.604357233706615204e+00
3.015665521199838217e+00
2.718988448487708709e+00
-1.423967914804892487e+00
1.332893342986961827e+00
6.187198875895587591e-01
-1.359168096777601420e+00
-2.798205861665727490e+00
2.502472614140031304e+00
3.322280519142504218e-01
-3.740856965956993463e+00
2.748135569831203107e+00
-7.400117376827530791e-01
-8.975364429914884923e-01
4.735662754492739879e-01
7.965221119140366568e-01
2.717527987101528097e+00
2.134414988174818895e+00
3.268284953213143496e+00
-1.579749172933189172e-01
-2.278489544166079739e+00
-2.863305592675915001e+00
