2.586853088051815686e+00
1.291222717918923957e+00
2.816237333870036608e+01
2.457038204212185306e+01
1.758458910884217019e+01
3.906670679684848491e+00
9.687269717325207807e+01
3.940781215141899452e+01
2.175869816593798234e+01
3.544336051262930454e+01
1.236516768801569244e+00
2.652838353099779312e+01
5.993912609384925361e+01
2.508484703799608440e+01
1.441943643625102744e+00
1.610756256823666854e+00
1.237612982737008371e+00
1.128329290811021846e+00
1.821492631139810214e+01
3.042422535429000163e+01
3.928205374285986817e+00
1.030375397193669773e+00
1.775384094940753243e+01
1.061567228322474410e+00
9.466428637392510836e+01
1.235758481510664453e+01
5.629429245029585083e+00
8.714140825268970048e+00
7.378989660368978321e+01
6.765164214742306115e+01
3.070724650661138000e+01
3.481197359675783076e+01
2.206323678742465333e+01
1.574516757419429203e+00
2.762602859970138525e+01
5.493909434769587818e+00
1.499712886434469983e+00
1.198623053855684084e+01
5.297960731470308815e+01
8.347205778036300217e+01
5.165865931193818739e+01
9.178662307832377110e+01
7.124266004738367997e+01
1.119424059660355830e+01
1.659608042366368608e+01
4.067627875436558682e+00
5.160848648529523075e+01
8.078933241901060214e+00
5.363832464253744092e+01
8.096809342972655088e+00
