1.746217595090848285e+00
3.251473165291876910e+00
3.542252776005207160e+00
-2.622534900214826159e+00
1.748513737529343359e+00
2.346868704580137965e+00
6.968011495246662079e-01
3.145780060376409892e+00
-8.728595935629801517e-01
1.728818808822314423e+00
-8.473739357829526142e-01
-1.771254418666593722e+00
-3.373286582090053720e+00
-3.190798993291729779e+00
3.654751080352263592e+00
-3.469240181031268300e+00
2.192385176117449319e+00
-2.283964464295455521e+00
-1.446741007934621237e+00
-1.699347548120643481e+00
3.492160486673769881e+00
-1.174760138188959857e+00
3.497771811725320035e+00
-7.702783232029357663e-01
-1.239540730833559756e+00
1.460232529708834548e+00
-1.769518443298425225e+00
1.160485250635106880e+00
-7.025556676993653937e-01
1.628100543387071220e+00
-7.795558491941383394e-01
3.664881307756434836e+00
-9.728875029947348096e-01
-2.167094768653842429e+00
1.901016350943559807e+00
-2.731170665868054570e+00
-1.287618360787790905e+00
-1.545483475607378310e+00
-7.111180652452411266e-01
-3.713959113034229986e+00
4.094264497636768141e-01
1.308990416732370043e+00
-4.024783921703312117e-01
2.152694631561156591e+00
2.829499908758764448e+00
3.289997787173050803e+00
9.542769540845874587e-03
1.918124426800472015e+00
3.311181215133872868e+00
3.619278247106523239e+00
7.627929263641570756e-01
-3.962362703092668248e+00
2.411102808347930448e+00
5.902348333036275818e-01
1.197987692296239359e+00
-2.744442700683980441e+00
-3.314439021827495502e+00
3.408122077531186456e+00
1.709015743523938369e-01
-3.478900678561305249e+00
1.132629366077052779e+00
1.410305821820057481e+00
-3.471243594230557505e-01
-2.427266461629697503e+00
-3.750908283560717926e+00
2.073842949082600029e+00
3.285098833804108942e+00
3.745760501645984952e+00
3.347296365431366105e+00
-9.612252042500744054e-01
1.602191688236960232e+00
-1.710815183332504930e+00
-2.979765551051881012e+00
9.085257807322850709e-01
-1.778335214932982744e+00
-3.081500367067463664e+00
2.625047361940428203e+00
1.171264950102131941e+00
1.779461647875855590e+00
1.443707759539357482e+00
7.592986610296241778e-01
2.829620513696697870e-01
3.579465579427111521e+00
2.423684576841101723e+00
-1.535707097452509551e+00
-3.409065997703298656e+00
-9.564281230124791477e-01
-2.576201799890213806e+00
3.535698539186062916e+00
8.659116668249291493e-01
3.050536426800647405e+00
3.024538885267690880e+00
-2.827173993334916702e+00
-2.938078138953895468e+00
2.705913761378013760e-01
3.369889589475644875e+00
-1.019564681802075157e+00
-2.988075263763506406e+00
1.133667689236950160e+00
-1.270895070333665444e+00
