2.825181730228951693e+00
-1.039703115783807696e+00
2.880742855890217946e+00
2.412821558023599877e+00
3.552419809308506871e-01
-1.442621991229759537e+00
1.428283474338739367e+00
-2.883671851271492947e+00
-2.792083522071759916e-01
-5.076429520822340891e-01
-3.744807658893228641e+00
-5.928643844819747599e-01
-5.715109633382340348e-01
-2.105431081773566859e+00
-2.291393846312922200e+00
-1.732395800667704933e+00
-2.177328642777651702e+00
5.346521960807697482e-01
2.951369412927442148e+00
-3.137829018508511147e+00
-2.307551938474447617e+00
-6.229678669890654774e-01
-9.966723541261224284e-02
1.092912871785092221e+00
-1.807137790431490032e+00
-6.947572771539007874e-01
-1.613902614825802218e+00
-3.438002919512852529e-01
-1.947139663767704754e+00
1.958780746970838038e+00
1.727813934611681645e-01
2.753939961877807541e+00
3.619336074363279643e+00
-3.212560466611564358e+00
1.941068446730351837e-01
-2.534461140741317564e-02
-1.079795405121222629e+00
-2.475632819771778514e+00
1.656830806136258438e+00
-2.706842054532048181e+00
2.303722411705133588e+00
-1.944314963498326776e+00
-2.101201028017393391e+00
1.573484690535778441e+00
-1.689586155182089655e+00
2.506095685022833308e+00
-3.395796017990365456e+00
1.318834229257417334e-01
3.641188435778610177e+00
-2.143180214913405379e+00
