2.804445403373834189e+00
9.704209026992083764e+00
1.435284092686304191e+01
1.000698581555434341e+00
1.313504217771131355e+00
1.670268786552365015e+01
3.783664786302531269e+01
2.734293990443310207e+01
2.215239386578338632e+00
3.175126931611977810e+01
1.468826867945675740e+00
2.271566758688251308e+00
5.376871586117056978e+01
6.593688987931875545e+01
1.747623312810588248e+00
4.883743683208379593e+01
2.900105620017618069e+00
2.303216268654434185e+00
1.595108299063618063e+00
2.573355170814229709e+01
3.525349451279142343e+00
3.385516348049224966e+00
2.502963798735982515e+00
2.915305523517221786e+01
4.924956081881035175e+00
1.614534901540801037e+00
1.719549136747814089e+01
3.752193734931046798e+00
3.789682510603728183e+00
6.161319229123133567e+01
3.060097840013647286e+01
1.206320210189876452e+00
3.930592846874591828e+01
9.055685459002953408e+00
1.507833164477029531e+00
1.723347290768427076e+00
2.982731782253488007e+01
3.132628960820019515e+01
6.982235143484948026e+01
9.265713924835008442e+00
8.402317846833570059e+01
4.458257708926088014e+01
4.175563557648148461e+00
1.335967408319144845e+00
8.775255403101724028e+00
1.445923034395700357e+00
5.676893761341641920e+00
2.498988778654761234e+01
9.979219383389701648e+01
1.423187067763950209e+00
3.905783080559099840e+00
2.016714791103514060e+01
8.347753915463171381e+01
8.835975684351221560e+01
4.983460726007641739e+01
5.962872263394105588e+00
7.252997255748104166e+00
2.863855474662162948e+01
3.210043955143352434e+01
1.810171582375096477e+01
2.686645952176170749e+00
2.806625040054099074e+00
2.242920878410498631e+01
3.909405360687314612e+01
8.709274665447816588e+00
3.920938184210806554e+01
1.864656265569969218e+00
2.526583260324738234e+00
7.206418127975354082e+01
1.191250156528497639e+00
6.119728142974549456e+01
1.866272323800243882e+01
1.397232890063560218e+00
1.124660018021316210e+00
4.097298753303206809e+00
2.041282629619337818e+00
1.027207721515587036e+00
5.141487994843535247e+00
5.987305424933709652e+00
1.844913282001641619e+00
1.840236687063809162e+00
4.371571227856309605e+01
7.439642939194888172e+00
9.235257357733415517e+01
1.478342486333993122e+01
3.507126158180441156e+00
5.871853540542022465e+00
3.294984750758739089e+00
1.689146043149515819e+01
4.115919648183371748e+01
8.260920124989083035e+01
2.023053273512421146e+00
3.568096641884665843e+01
5.192849240206689920e+00
1.126439257542701133e+00
8.416466775676006762e+00
1.039075108766917310e+01
8.046388411469102664e+00
5.208398724348200837e+00
6.259307161670173869e+00
