3.697257632144346218e-01
-3.053381542246503599e+00
-1.596935278751846710e+00
1.865227723835581664e+00
3.669022951132378196e+00
1.452889951967737403e+00
1.345581200205183237e+00
3.222481953522592590e+00
3.962296963936434047e+00
5.947041532394337082e-01
7.225805936244755756e-01
-3.225343328823710110e+00
1.321714508458366133e+00
3.904580740020744400e+00
2.524769337409878744e+00
-2.618766712466523927e+00
3.500456313823691268e+00
2.734667044051058760e+00
-2.907878271502110756e+00
-2.123623219953666208e+00
-3.757687896699098751e+00
-3.367328662266054984e+00
1.267879504009068015e+00
-1.124547651448573049e-01
7.191956957483460755e-01
7.482214447321080542e-01
-3.209104266227143398e+00
2.955881537516133584e+00
2.651332174499207106e+00
1.779852232364576459e+00
