1.416090614324210906e+00
2.154493755864043347e+00
1.438804909454077752e+01
8.901969763165620719e+00
2.108147023595847269e+00
1.337349615907087141e+01
1.879955354280897950e+01
9.915773899641422418e+01
4.475738570131243321e+00
7.149741977079091271e+01
4.090381788136530083e+00
1.565375380118702431e+01
3.683923732606930912e+01
1.038943777921744527e+00
1.766862626792778279e+00
3.239397530689637250e+01
6.711072883010908185e+01
5.435957609867091200e+00
4.578344085343584169e+01
5.840432187829200927e+01
7.119009435276036868e+01
9.535947515617911208e+00
3.098608547198194429e+01
9.191343969452798035e+01
2.212782450402346868e+01
6.561688552600029034e+00
6.810499166023173068e+00
1.274980645112097299e+01
2.267552149898957126e+01
5.448648250434430018e+00
5.690377743350385487e+00
4.985921523269342792e+00
6.712730616464029687e+00
5.390511778768738793e+01
2.457634847674744716e+00
3.380002643199880907e+01
9.602300365176887453e+01
1.845463420809249522e+00
3.652838095711680388e+00
4.074530699053826055e+01
1.068355347618897433e+01
3.335261391508966966e+01
1.303335658981290024e+01
5.136483759981972597e+00
3.373828624849724633e+01
1.689130254724597791e+01
7.562481984816815661e+00
3.308535907088098416e+00
8.896353920943870719e+01
1.271506406859086091e+01
1.524020428210046596e+01
3.637830818487017837e+01
9.264700536651943708e+00
2.096149105906342403e+00
1.131190659536465226e+01
8.019790293157998917e+01
6.284639349508334760e+01
2.209928018908347269e+01
1.429212354063203128e+00
9.409858310118147884e+00
1.152519766948809021e+01
1.004362391602797366e+01
1.035760095947633097e+01
8.702350377359278966e+00
1.500125550933249841e+00
1.173211682293721969e+00
9.137057117000948026e+00
2.455977376651585331e+00
6.383809097520909148e+01
1.990422282018026934e+01
1.258558319255793423e+00
2.746318644329489800e+00
1.348447405623836204e+01
5.554789585010480479e+00
2.631741655810100156e+01
7.682381678760969557e+00
7.113477733403912850e+01
2.296967950772675948e+01
8.896936095970220393e+00
4.772154907375617761e+00
2.947826648743806288e+01
4.753700723438430487e+01
5.458178841252741442e+00
4.256652657013449925e+01
8.775142657649779210e+01
5.603972899504313432e+00
5.138066003599501386e+00
3.701711305615509762e+00
2.279081007205386555e+01
3.947191888500100987e+01
5.127985592343199528e+01
4.025441331954301205e+01
4.636324570538522316e+00
1.717902413596859024e+00
3.593803759147629950e+00
1.743813640113446795e+01
9.697227988765696693e+00
5.454350251094663093e+00
1.434451551635821964e+01
2.594573358837335419e+01
