3.674041761197896250e+01
9.224136080893629241e+00
3.197052740186972386e+00
2.747260096625699699e+00
6.157543528854723114e+00
1.851915913142711645e+01
1.053011924833228807e+00
1.415856008778389885e+01
2.125780828688268453e+00
2.297693182474579388e+01
5.256664009982167585e+01
1.422322481869024546e+00
9.934288057442337561e+00
3.423937066908746552e+00
3.082334857230273339e+00
9.975268263477728325e+00
1.092788475867744680e+01
1.235544831323778503e+01
3.702718929623795674e+01
1.030437226143385310e+01
2.982865104391655109e+01
1.246231303861263795e+00
5.164178403147777097e+00
2.888052578978273388e+00
8.766924385957707955e+00
6.248921044239251543e+00
3.450941006950233714e+01
4.958812500866775252e+01
1.870832884106148120e+00
9.490584829279459456e+00
