2.250141450606719928e+01
1.527629679986274525e+00
2.819984521499392383e+00
1.810396890814020310e+01
9.246909981644095922e+01
2.246200568998812042e+00
1.728132801854899725e+01
1.516455121187702026e+01
7.173322487017905758e+00
3.398707621717531158e+00
7.996461891597456884e+01
4.738583844989658012e+00
8.264250883363887468e+00
2.454388983497816668e+01
2.554542417831057843e+00
1.342614053874720215e+00
4.517732656936381375e+00
7.703500792799047758e+01
5.841450713422394969e+00
6.452506808803319949e+00
6.652249813600236372e+00
8.535621781041922418e+01
2.911907464341485063e+00
6.971732047955165967e+01
1.470164058880506808e+01
3.634233906301905570e+00
2.857099177145122404e+00
1.796524054655537217e+00
1.053788434819499287e+01
3.464386484276231215e+01
9.922085943761756255e+01
1.452300813580389649e+00
2.841952882287569704e+00
4.696405135485849591e+00
3.167716772743595754e+01
2.743476953285316000e+01
1.927250934832355611e+01
3.071680032409139827e+01
2.230546594636486901e+01
1.837846360439528981e+00
1.834164783165586954e+01
2.888330767562647239e+01
5.335795375110540562e+01
5.495928658381741272e+00
2.132946917868160153e+00
2.382868124444734192e+01
5.653779503198465761e+01
5.337543410742176420e+00
5.692191920038067110e+01
2.802288704955784482e+01
1.493826210212523709e+00
2.506396730224055514e+00
4.759106355085541651e+01
1.367768331642172042e+00
1.358152388433016666e+00
2.829117016444737231e+01
5.867731469749213602e+01
1.366788015679202140e+01
5.742372205716383959e+00
2.546873270318035676e+00
1.932238755827558663e+00
2.322176599943821884e+01
8.113951308867045853e+00
2.457275100801636469e+01
8.700774825821922320e+01
1.096433788599349768e+01
2.664788268262761939e+00
1.637377574999129060e+00
3.114525974401970743e+01
7.710703938037376304e+01
7.073249204229036025e+01
2.470920911256246200e+01
1.264419375338440155e+01
7.408483375569665519e+00
7.566469682308995459e+01
2.833117239339204563e+00
2.615614480692150323e+01
5.440275324362657372e+00
3.628896802300829005e+00
4.888886218601795619e+00
6.707547153726005185e+00
1.234110759997066431e+00
1.124971390162185836e+00
1.195834184912452436e+01
8.155074119143026934e+00
5.029424601166762443e+01
1.605813160373626980e+00
5.751333125562855031e+00
4.178175892504014222e+00
2.713361748309637989e+01
1.193431035174439003e+01
1.299613706535256519e+01
3.611797625503636056e+01
3.883501540067585189e+00
2.409204650658991298e+01
3.871407943613032643e+01
1.294461201624146796e+00
6.514452306568944806e+00
3.196135581105034706e+00
7.409728708467921088e+00
