3.700466525116639094e+00
8.264308577937812927e+00
4.044178506066902656e+00
6.948844139800439024e+00
2.054905023014240939e+00
9.543503472110064223e+00
5.230456410697574654e+01
2.302292962563728196e+01
2.275047467029472692e+00
2.696366006575387075e+01
5.861078774965922555e+00
7.957093987235410282e+00
7.750433489805499221e+01
2.092379555251427803e+01
3.490846069647171035e+00
2.129221172312449184e+01
3.493417494897164577e+00
4.417959554822886759e+01
6.209248140486662848e+00
5.608343238953735010e+01
2.562557887822686453e+01
1.317941327262006190e+01
5.642589376450325744e+01
4.025137546432960178e+00
4.012302840790497704e+00
3.137591931574188209e+01
4.052378279285242968e+00
6.014179677550435699e+00
9.428800777830001323e+01
1.437212743784075464e+01
