1.612247973557134451e+00
-3.186218722166780815e+00
-1.972053252771441834e+00
2.087042924824372037e+00
1.279731205255693283e+00
-3.457194897048471383e+00
-2.014822576927910447e-01
2.219229494345946740e+00
2.323959979095426398e+00
3.357924935796162025e+00
3.228725997838220785e+00
-1.668383666024561229e+00
4.198964580858852713e-01
-1.863378660699487099e+00
5.146448395643821172e-01
-1.847366578689796590e+00
3.277485776479395874e+00
-1.596353180776342029e-01
-2.996877887920190275e+00
-3.038939938898597148e+00
2.491110121059779914e+00
-2.816521173210519535e+00
1.449827089622094611e+00
2.150475932835111514e+00
-4.955483971884628858e-01
1.511917843194678035e+00
-3.212484621300320420e+00
3.957402546034743729e+00
-1.989031190063665910e+00
-3.447843109562255037e+00
-3.580379166674095615e+00
-3.465469251975660470e+00
4.880480137355851511e-01
1.411095216436676125e+00
3.258412168935247877e+00
3.120591297296114952e+00
3.900918112436186469e+00
5.213924816445274502e-01
1.119968538998009855e+00
-2.685057915103485016e+00
1.127607330843716227e+00
-2.102742356207938812e+00
-3.556249971695607748e+00
-1.221137318683322981e+00
-9.446725458956759525e-01
-2.871638160070530077e+00
-3.637207314084029086e+00
-3.760432060516190056e+00
3.698182140286699671e+00
2.250204625792274982e+00
