2.182116450935724217e+01
3.078040669862065926e+01
2.198903581051278255e+00
4.247488262151172478e+00
6.988838950396158545e+00
1.197840834815597555e+00
4.223061888546238762e+00
5.517730859734609794e+01
9.943259378419037375e+01
2.989683467375204629e+00
1.028419961047725018e+01
1.702363774458279799e+00
7.989331407686962905e+01
3.738412828598199233e+00
4.879944573703160593e+00
1.292545962578506513e+00
8.469722718429180119e+00
2.889042524583641125e+01
4.524258831227861322e+01
6.824764532516567783e+01
1.715259878684950445e+00
1.091323736810747569e+00
2.295706738688713955e+01
7.290079543243179216e+01
1.128987087976350701e+01
2.041033199086938588e+00
1.175004322129262668e+01
1.558472242944591102e+01
5.878789893991928039e+01
2.695040577781091073e+00
