2.556833523498816874e+00
4.154473754399316654e+00
1.490827292846614860e+01
1.543368587373771472e+00
4.513408370171058692e+01
1.159486331887570776e+00
1.124441075459420603e+01
3.530562098363465129e+00
1.265039960255008644e+01
2.192126896143465231e+00
2.102180571148053456e+00
8.198444330706837491e+01
6.494070173078718256e+01
5.837094218682325675e+01
1.462911027441851886e+01
1.588978271687936683e+01
9.384377774743560963e+01
5.014951156733351922e+01
4.377986958948096685e+01
1.021058379643070424e+01
2.504453956965908112e+00
2.048707601757427099e+01
1.239551336139781412e+00
1.337156019432409515e+01
8.504378999811510909e+00
1.216288588011660732e+00
1.769997238331187361e+01
1.389860960319988692e+01
1.414220079728828017e+00
2.497008366471368035e+01
1.053481573480116928e+01
7.093130563451093451e+01
3.374734408560325249e+01
2.496130636026151350e+01
1.494751504676268894e+01
1.288809769377501446e+01
7.807498922629396709e+00
9.774843042280815553e+01
6.230154394370983795e+01
2.821586156528191669e+00
2.540634632315401831e+01
1.303650069473699169e+01
2.401923629968565521e+01
5.711355457522269141e+00
1.583815943029030571e+01
1.113336266523873741e+00
3.683881224090483464e+00
1.940154050687375786e+00
3.316850379207828325e+00
2.734279754727620304e+00
