5.099217168705214576e-01
2.238395709376105103e+00
3.181318913643266022e+00
-3.513862386021706641e-01
3.213932645997457094e+00
-3.824455838583329381e-01
-2.898540217195746393e+00
-1.994821551790035841e+00
1.188586170843161760e+00
7.745561370897320330e-01
3.256726099737520919e+00
-1.276252325685082845e+00
-6.925715212298833023e-01
1.215815152131717980e+00
-9.337287750047185142e-02
1.069672065797214522e+00
1.460823163644295875e-01
-2.324655560606128546e+00
-8.086048015189115645e-01
1.846746371792008290e+00
-3.166317105510456642e+00
-2.757688195944277609e+00
1.061712716232696252e+00
-1.695312594263303829e+00
-9.903274718469399218e-01
-2.220172923407444543e+00
-1.228653476214209839e+00
-1.560920891321837090e+00
3.873458253107536997e+00
3.879370729076476287e+00
3.100507986044690689e+00
-1.412776544565357284e+00
2.433577510292233015e+00
-1.105978000263435845e+00
-2.939505892396514497e-01
3.325203396292924829e+00
1.682346050723492858e+00
2.821282785324357612e+00
2.443286172457556304e+00
2.645637837321546115e+00
-3.408516075607481710e+00
1.150093016021907388e+00
-9.462165318075426157e-01
3.902715428415453047e-01
-3.614395196003526323e+00
2.861924873295698113e+00
-1.409203510315998997e+00
1.882995317983627181e+00
8.171427688775096954e-01
1.834711953244233307e+00
