-3.360018453964607410e+00
-2.352011688077822349e+00
-3.175942360510664031e+00
-3.904783696067850585e-01
-3.894221134932576156e+00
1.088319420038824425e+00
-2.474970986046888477e+00
2.565328178461774300e+00
3.287053790949424403e+00
3.756503966662938510e+00
-1.708606199065277664e+00
1.650513982924177725e+00
-3.938424729315160633e+00
-2.593500098410143728e+00
1.776585040696675222e+00
-2.165084849710066095e-01
2.789268872545506817e+00
4.212643484371962899e-01
-1.727472655583276229e+00
-2.329159689455953419e+00
-2.528635197168956239e+00
-5.752475848965419303e-01
2.812787892282512026e+00
-3.389765176993663864e+00
-8.966014208216241954e-01
1.596740970297275908e+00
-3.850583524899015231e+00
1.729296176655529926e+00
3.679294941648220352e+00
-1.337053896964594202e+00
-3.129664583412404610e+00
-6.560139202024020122e-01
3.505057336012452396e+00
-2.952049244904990211e+00
3.056860688606444221e+00
-1.325672080389566965e+00
-3.360376503438951445e+00
5.178244901102830866e-01
-8.211250031857186826e-02
3.144930194541960766e+00
2.796366137732730017e+00
1.042714216870296973e+00
-3.048231383161379426e-01
1.553682499018615104e+00
-3.334393099280111628e+00
3.705890748935253498e+00
-1.546888352762266550e+00
-9.439060201568798547e-01
-1.526810428046980306e+00
-1.318974719708022825e+00
2.362475729617029785e+00
3.617786187912456874e+00
6.310870493783289348e-01
-9.689812425647419403e-01
-2.382569067295369436e+00
-1.399287059252450227e+00
1.741278921574360261e+00
-3.332117664427191706e+00
-2.505525172745856288e+00
5.602256679457351396e-01
-1.058767143604025129e+00
1.556463111546200651e+00
-2.099105831728720339e+00
-2.521400681197859761e+00
-1.208932991268651058e+00
1.865193552271404265e+00
-1.965808226614887744e+00
-7.638595995542658557e-01
-7.775201089890746431e-01
-3.581435178095759397e+00
9.442856573594129443e-01
-9.441732876544310926e-01
1.261702773693126112e+00
-4.174527906214899886e-01
2.120564231553243140e+00
3.653088522251141335e+00
2.626074957044463254e+00
-1.411459566412904820e-01
-3.665395172495291121e+00
2.321265896540345430e+00
-7.749785032174987265e-01
1.961059840410267263e+00
-1.231353606752853658e+00
-2.785174540467714621e+00
3.683704793088166340e+00
-1.531517751308182795e+00
1.912592116687647170e+00
7.584389169864911295e-01
5.321367864342754217e-01
-1.003094772553652092e+00
3.935391004255235359e-01
2.606129214033874320e-01
-6.400360658389452340e-01
2.090795037104077991e+00
-5.882756869042973236e-01
-1.835176463886861953e+00
1.078595063576317514e-01
3.220080274867669345e-01
4.974751595831854445e-01
-2.167782429864944405e+00
