-2.775510618212453373e+00
-2.259670736332085816e+00
-3.069116564448884255e+00
2.028000863698603773e+00
2.500910033149280842e+00
-2.095134919611624014e+00
2.462001680637174950e+00
1.273939416218148324e+00
1.721628411243901979e+00
-1.882786808254230948e+00
-1.995149962848274505e+00
1.341163413284045092e+00
1.824516726043007075e+00
-3.988858297959598787e+00
-3.871644886322234136e+00
3.156345679481210809e+00
-3.707950473842307026e+00
-4.271450952223547759e-01
2.980343856707357020e+00
1.067276659783847670e+00
-1.651008515892701034e+00
1.712975605957467451e-02
3.246616441720626689e+00
1.263879436003901624e+00
-3.860615776905142127e+00
-2.336904389516217151e+00
-2.378826568160072874e+00
3.678787336820450449e-01
3.781507876759100384e-01
-2.320158454150275773e+00
