-9.370067953440752717e-02
-6.510258715468868473e-01
-3.761816257450774970e+00
1.113486237537264500e+00
-5.312866227474382086e-01
-8.671305158440940630e-01
-4.523959817569345176e-02
5.401120722606789215e-01
-2.745357191068461766e+00
-2.209356068680836671e+00
-2.034348458462039488e+00
1.289084395072745970e+00
-9.002871972012540525e-01
-2.254490613549902989e+00
-1.181309360952491616e+00
1.122048965503185336e+00
-3.167620510242093346e+00
2.093199521314308420e+00
2.101547646839335926e+00
8.434509953448436903e-01
6.673177323843013653e-01
-2.346373179564906764e+00
2.029552693242465011e+00
3.525360085042837710e+00
-3.788163983750068020e+00
-3.691790342960930893e+00
1.870763498532770797e+00
-3.553522429668022120e+00
-2.525013863501993860e+00
-2.732526638606298519e-01
